 0 1 2 3 4 5 6 7 8
1159575586 81125.0 15544.0 2692.0 525.0 91.0 21.0 2.0  
1159577224 81097.0 15492.0 2767.0 553.0 77.0 11.0 2.0 1.0 
1159578862 81283.0 15412.0 2752.0 468.0 73.0 12.0   
1159580501 81006.0 15570.0 2833.0 467.0 116.0 8.0   
1159582139 81147.0 15463.0 2808.0 495.0 79.0 8.0   
1159583778 81403.0 15171.0 2764.0 546.0 102.0 13.0 1.0  
1159585416 81006.0 15614.0 2762.0 497.0 106.0 12.0 1.0 1.0 1.0
1159587054 81146.0 15556.0 2664.0 504.0 113.0 16.0 1.0  
1159588693 81186.0 15472.0 2714.0 511.0 95.0 20.0 2.0  
1159590331 81347.0 15227.0 2845.0 469.0 97.0 13.0 1.0 1.0 
1159591970 81473.0 15218.0 2747.0 441.0 94.0 16.0 11.0  
1159593608 81607.0 15045.0 2743.0 500.0 97.0 7.0 1.0  
1159595246 81355.0 15283.0 2764.0 497.0 89.0 7.0 5.0  
1159596885 81369.0 15216.0 2808.0 507.0 84.0 16.0   
1159598523 81269.0 15435.0 2696.0 522.0 64.0 14.0   
1159600162 81238.0 15389.0 2762.0 487.0 111.0 13.0   
1159601800 81089.0 15469.0 2854.0 466.0 115.0 6.0 1.0  
1159603438 80880.0 15761.0 2760.0 486.0 84.0 26.0 3.0  
1159605077 81563.0 15157.0 2720.0 467.0 78.0 11.0 2.0 2.0 
1159606715 81095.0 15401.0 2822.0 533.0 106.0 30.0 10.0 3.0 
1159608354 80803.0 15666.0 2886.0 525.0 106.0 11.0 2.0 1.0 
1159609992 81241.0 15542.0 2645.0 475.0 90.0 6.0 1.0  
1159611630 81013.0 15571.0 2861.0 475.0 73.0 7.0   
1159613269 80895.0 15555.0 2910.0 518.0 89.0 28.0 4.0 1.0 
1159614907 81086.0 15486.0 2840.0 493.0 79.0 12.0 1.0 3.0 
1159616546 81356.0 15413.0 2635.0 483.0 83.0 25.0 5.0  
1159618184 80350.0 15833.0 3174.0 522.0 109.0 12.0   
1159619822         
1159621022 81175.0 15344.0 2910.0 485.0 70.0 16.0   
1159622661 81029.0 15418.0 2936.0 517.0 86.0 12.0 2.0  
1159624299 80873.0 15728.0 2822.0 498.0 74.0 3.0 2.0  
1159625938 81144.0 15521.0 2731.0 496.0 97.0 10.0 1.0  
1159627576 81368.0 15436.0 2627.0 473.0 87.0 9.0   
1159629214 81039.0 15408.0 2885.0 541.0 110.0 17.0   
1159630853 80643.0 15794.0 2921.0 522.0 113.0 7.0   
1159632491 81273.0 15373.0 2744.0 493.0 102.0 12.0 3.0  
1159634130 81077.0 15599.0 2690.0 513.0 113.0 8.0   
1159635768 81217.0 15379.0 2770.0 491.0 116.0 26.0 1.0  
1159637406 81228.0 15452.0 2706.0 485.0 122.0 7.0   
1159639045 81252.0 15456.0 2722.0 471.0 91.0 8.0   
1159640683 81245.0 15478.0 2673.0 506.0 87.0 11.0   
1159642322 81192.0 15378.0 2830.0 490.0 84.0 24.0 2.0  
1159643960 81022.0 15475.0 2891.0 509.0 90.0 12.0 1.0  
1159645598 81119.0 15558.0 2737.0 473.0 101.0 12.0   
1159647237 80975.0 15570.0 2827.0 499.0 118.0 9.0 2.0  
1159648875 81371.0 15410.0 2610.0 505.0 87.0 13.0 4.0  
1159650514 81245.0 15422.0 2760.0 504.0 66.0 3.0   
1159652152 81110.0 15439.0 2879.0 443.0 100.0 27.0 2.0  
1159653790 81566.0 15319.0 2593.0 443.0 69.0 10.0   
1159655429 80988.0 15700.0 2735.0 490.0 74.0 10.0 3.0  
1159657067 81595.0 15054.0 2754.0 514.0 74.0 7.0 2.0  
1159658706 81244.0 15399.0 2792.0 479.0 81.0 5.0   
1159660344 81192.0 15436.0 2762.0 494.0 99.0 14.0 3.0  
1159661982 81280.0 15419.0 2679.0 511.0 102.0 9.0   
1159663621 80984.0 15601.0 2776.0 554.0 77.0 5.0 1.0 2.0 
1159665259 81256.0 15411.0 2707.0 535.0 75.0 13.0 3.0  
1159666898 80981.0 15668.0 2792.0 469.0 82.0 8.0   
1159668536 80932.0 15742.0 2726.0 472.0 115.0 13.0   
1159670174 81474.0 15256.0 2626.0 545.0 89.0 7.0 3.0  
1159671813 79120.0 16604.0 3420.0 662.0 153.0 33.0 8.0  
1159673451 80887.0 15676.0 2869.0 470.0 94.0 3.0 1.0  
1159675090 81191.0 15548.0 2729.0 449.0 75.0 8.0   
1159676728 81102.0 15595.0 2734.0 455.0 101.0 13.0   
1159678366 80985.0 15480.0 2932.0 520.0 81.0 2.0   
1159680005 81088.0 15398.0 2838.0 540.0 121.0 13.0 2.0  
1159681643 81206.0 15425.0 2790.0 498.0 76.0 4.0 1.0  
1159683282 81184.0 15407.0 2816.0 473.0 108.0 11.0 1.0  
