 0 1 2 3 4 5 6 7 8 9
1159575586 77675.0 17639.0 3695.0 778.0 177.0 29.0 3.0 3.0 1.0 
1159577224 77098.0 17967.0 3936.0 817.0 143.0 35.0 4.0   
1159578862 77901.0 17542.0 3583.0 779.0 163.0 30.0 2.0   
1159580501 77774.0 17714.0 3641.0 703.0 137.0 22.0 7.0 0.0 2.0 
1159582139 78103.0 17344.0 3569.0 786.0 157.0 38.0 3.0   
1159583778 77556.0 17684.0 3761.0 794.0 177.0 24.0 4.0   
1159585416 77426.0 17764.0 3835.0 777.0 166.0 27.0 4.0 1.0  
1159587054 78024.0 17349.0 3650.0 769.0 157.0 36.0 12.0 3.0  
1159588693 77669.0 17542.0 3819.0 773.0 182.0 15.0    
1159590331 77960.0 17349.0 3636.0 825.0 171.0 45.0 14.0   
1159591970 77912.0 17599.0 3570.0 720.0 153.0 33.0 11.0 1.0 1.0 
1159593608 77846.0 17577.0 3584.0 759.0 159.0 60.0 9.0 4.0 2.0 
1159595246 77792.0 17376.0 3699.0 870.0 183.0 58.0 20.0 2.0  
1159596885 78084.0 17292.0 3630.0 737.0 199.0 49.0 7.0 2.0  
1159598523 77853.0 17413.0 3784.0 788.0 143.0 18.0 1.0   
1159600162 77595.0 17609.0 3802.0 737.0 197.0 48.0 10.0 2.0  
1159601800 77749.0 17565.0 3687.0 777.0 168.0 49.0 5.0   
1159603438 77596.0 17541.0 3738.0 883.0 195.0 41.0 6.0   
1159605077 77728.0 17640.0 3623.0 794.0 159.0 37.0 16.0 3.0  
1159606715 78126.0 17349.0 3571.0 748.0 177.0 27.0 2.0   
1159608354 77894.0 17362.0 3830.0 725.0 144.0 36.0 8.0 1.0  
1159609992 77726.0 17516.0 3745.0 799.0 159.0 41.0 14.0   
1159611630 78215.0 17360.0 3487.0 725.0 185.0 26.0 2.0   
1159613269 77688.0 17665.0 3726.0 709.0 175.0 34.0 3.0   
1159614907 77323.0 17803.0 3777.0 818.0 224.0 38.0 13.0 2.0 2.0 
1159616546 77610.0 17566.0 3742.0 867.0 163.0 41.0 10.0 1.0  
1159618184 77952.0 17389.0 3639.0 798.0 181.0 35.0 6.0   
1159619822          
1159621022 77932.0 17354.0 3697.0 792.0 194.0 30.0 0.0 1.0  
1159622661 77777.0 17465.0 3776.0 787.0 165.0 30.0    
1159624299 76977.0 17870.0 4045.0 862.0 191.0 51.0 3.0 1.0  
1159625938 77654.0 17528.0 3795.0 819.0 159.0 38.0 4.0 1.0 2.0 
1159627576 77917.0 17297.0 3779.0 849.0 146.0 11.0 1.0   
1159629214 78372.0 17259.0 3478.0 671.0 165.0 42.0 11.0 2.0  
1159630853 77731.0 17505.0 3736.0 842.0 159.0 20.0 2.0 3.0 2.0 
1159632491 78048.0 17374.0 3661.0 762.0 126.0 28.0 1.0   
1159634130 76787.0 18115.0 4051.0 810.0 190.0 40.0 7.0   
1159635768 78006.0 17267.0 3696.0 828.0 177.0 23.0 2.0 1.0  
1159637406 77728.0 17540.0 3681.0 840.0 178.0 26.0 5.0 2.0  
1159639045 78148.0 17091.0 3786.0 741.0 185.0 45.0 3.0 1.0  
1159640683 77806.0 17584.0 3625.0 769.0 169.0 36.0 8.0 3.0  
1159642322 78303.0 16906.0 3830.0 745.0 162.0 42.0 8.0 1.0 3.0 
1159643960 78113.0 17335.0 3651.0 713.0 144.0 44.0    
1159645598 77600.0 17592.0 3685.0 827.0 228.0 60.0 8.0   
1159647237 77703.0 17689.0 3620.0 740.0 191.0 48.0 9.0   
1159648875 77742.0 17500.0 3736.0 799.0 175.0 48.0    
1159650514 77507.0 17757.0 3820.0 734.0 161.0 21.0    
1159652152 77749.0 17398.0 3767.0 824.0 236.0 26.0    
1159653790 77612.0 17639.0 3692.0 831.0 175.0 37.0 8.0 4.0 2.0 
1159655429 77654.0 17593.0 3769.0 782.0 170.0 30.0 1.0 0.0 0.0 1.0
1159657067 77773.0 17527.0 3644.0 785.0 229.0 39.0 3.0   
1159658706 77679.0 17663.0 3575.0 844.0 199.0 31.0 8.0 1.0  
1159660344 77684.0 17599.0 3609.0 852.0 208.0 26.0 10.0 9.0 3.0 
1159661982 77745.0 17691.0 3636.0 747.0 157.0 24.0    
1159663621 77706.0 17598.0 3736.0 747.0 173.0 39.0 1.0   
1159665259 77857.0 17595.0 3558.0 773.0 164.0 41.0 11.0 1.0  
1159666898 77978.0 17437.0 3712.0 703.0 151.0 15.0 3.0 1.0  
1159668536 77815.0 17428.0 3788.0 765.0 167.0 35.0 2.0   
1159670174 77924.0 17342.0 3869.0 698.0 139.0 22.0 6.0   
1159671813 77423.0 17655.0 3884.0 801.0 177.0 44.0 16.0   
1159673451 76755.0 18124.0 3986.0 898.0 197.0 36.0 3.0 1.0  
1159675090 77786.0 17484.0 3684.0 806.0 192.0 32.0 4.0 9.0 3.0 
1159676728 77864.0 17497.0 3619.0 786.0 172.0 58.0 3.0 1.0  
1159678366 77861.0 17338.0 3700.0 822.0 209.0 61.0 9.0   
1159680005 77860.0 17576.0 3615.0 765.0 149.0 33.0 2.0   
1159681643 77789.0 17432.0 3700.0 799.0 232.0 46.0 2.0   
1159683282 76909.0 18058.0 3972.0 868.0 167.0 23.0 3.0   
