 0 1 2 3 4 5 6 7 8
1159575586 84355.0 13280.0 2003.0 321.0 31.0 10.0   
1159577224 84089.0 13443.0 2059.0 351.0 45.0 13.0   
1159578862 83695.0 13720.0 2151.0 350.0 68.0 16.0   
1159580501 83803.0 13567.0 2158.0 378.0 83.0 11.0   
1159582139 84284.0 13288.0 2052.0 320.0 48.0 8.0   
1159583778 79926.0 16172.0 3216.0 546.0 95.0 25.0 20.0  
1159585416 83181.0 14119.0 2266.0 342.0 64.0 26.0 0.0 2.0 
1159587054 83965.0 13505.0 2102.0 349.0 71.0 8.0   
1159588693 83991.0 13475.0 2094.0 372.0 64.0 4.0   
1159590331 83905.0 13667.0 2068.0 307.0 40.0 12.0 1.0  
1159591970 84126.0 13432.0 2083.0 293.0 60.0 5.0 1.0  
1159593608 84341.0 13214.0 2132.0 284.0 23.0 6.0   
1159595246 84247.0 13450.0 1932.0 302.0 55.0 14.0   
1159596885 84138.0 13383.0 2080.0 333.0 62.0 4.0   
1159598523 84078.0 13373.0 2163.0 315.0 61.0 10.0   
1159600162 83480.0 13960.0 2152.0 342.0 57.0 8.0 1.0  
1159601800 83909.0 13604.0 2097.0 325.0 51.0 9.0 5.0  
1159603438 83952.0 13485.0 2158.0 345.0 57.0 2.0 1.0  
1159605077 83930.0 13603.0 2102.0 310.0 48.0 7.0   
1159606715 83927.0 13551.0 2105.0 347.0 59.0 6.0 5.0  
1159608354 83759.0 13666.0 2081.0 421.0 62.0 11.0   
1159609992 84360.0 13378.0 1951.0 267.0 40.0 4.0   
1159611630 84296.0 13330.0 1996.0 333.0 37.0 6.0 2.0  
1159613269 83656.0 13722.0 2171.0 370.0 74.0 6.0 1.0  
1159614907 84236.0 13384.0 2054.0 281.0 40.0 5.0   
1159616546 83527.0 13867.0 2178.0 334.0 81.0 10.0 3.0  
1159618184 84138.0 13313.0 2114.0 369.0 46.0 8.0 8.0 3.0 1.0
1159619822         
1159621022 84286.0 13378.0 1994.0 304.0 29.0 8.0 1.0  
1159622661 84105.0 13440.0 2030.0 356.0 43.0 7.0 18.0 1.0 
1159624299 84002.0 13446.0 2081.0 394.0 59.0 15.0 0.0 1.0 2.0
1159625938 83757.0 13636.0 2193.0 348.0 52.0 14.0   
1159627576 84034.0 13510.0 2078.0 334.0 39.0 5.0   
1159629214 84204.0 13321.0 2088.0 326.0 54.0 7.0   
1159630853 84039.0 13451.0 2127.0 344.0 33.0 6.0   
1159632491 83856.0 13724.0 2055.0 293.0 57.0 15.0   
1159634130 84128.0 13487.0 2049.0 282.0 46.0 7.0 1.0  
1159635768 83477.0 13954.0 2125.0 365.0 66.0 13.0   
1159637406 83836.0 13667.0 2093.0 357.0 41.0 5.0 1.0  
1159639045 84292.0 13296.0 2009.0 313.0 85.0 4.0 1.0  
1159640683 84130.0 13453.0 2047.0 317.0 46.0 7.0   
1159642322 83971.0 13541.0 2139.0 279.0 57.0 13.0   
1159643960 84303.0 13190.0 2105.0 328.0 70.0 3.0 1.0  
1159645598 83754.0 13671.0 2090.0 410.0 70.0 4.0 1.0  
1159647237 83897.0 13749.0 2050.0 262.0 35.0 3.0 4.0  
1159648875 84008.0 13487.0 2078.0 362.0 56.0 9.0   
1159650514 83946.0 13664.0 2095.0 266.0 29.0    
1159652152 83843.0 13715.0 2084.0 318.0 36.0 4.0   
1159653790 84158.0 13419.0 2030.0 335.0 53.0 5.0   
1159655429 83322.0 13938.0 2251.0 387.0 85.0 14.0 3.0  
1159657067 83458.0 13947.0 2178.0 358.0 54.0 5.0   
1159658706 83923.0 13484.0 2218.0 310.0 55.0 10.0   
1159660344 84277.0 13357.0 1992.0 322.0 45.0 5.0 2.0  
1159661982 84316.0 13371.0 1956.0 299.0 48.0 10.0   
1159663621 83971.0 13611.0 2074.0 291.0 48.0 5.0   
1159665259 84186.0 13448.0 2070.0 240.0 54.0 2.0   
1159666898 84364.0 13291.0 1992.0 293.0 50.0 10.0   
1159668536 84032.0 13452.0 2099.0 344.0 62.0 10.0 1.0  
1159670174 83946.0 13537.0 2107.0 354.0 51.0 3.0 2.0  
1159671813 83682.0 13741.0 2159.0 362.0 54.0 2.0   
1159673451 84367.0 13298.0 1986.0 300.0 41.0 8.0   
1159675090 83324.0 13986.0 2204.0 396.0 80.0 10.0   
1159676728 83980.0 13615.0 2007.0 325.0 61.0 12.0   
1159678366 83989.0 13502.0 2114.0 341.0 48.0 4.0 2.0  
1159680005 84024.0 13543.0 2062.0 312.0 54.0 5.0   
1159681643 83874.0 13739.0 2039.0 305.0 36.0 7.0   
1159683282 83996.0 13502.0 2109.0 343.0 48.0 2.0   
