 0 1 2 3 4 5 6 7 8 9
1159575586 81528.0 15105.0 2811.0 480.0 69.0 6.0 1.0   
1159577224 80282.0 16102.0 2979.0 550.0 82.0 5.0    
1159578862 82214.0 14846.0 2402.0 430.0 91.0 15.0 2.0   
1159580501 81241.0 15254.0 2857.0 555.0 77.0 15.0 1.0   
1159582139 74699.0 19874.0 4333.0 888.0 155.0 42.0 8.0 1.0  
1159583778 77416.0 17646.0 3893.0 867.0 153.0 20.0 5.0   
1159585416 82131.0 14757.0 2509.0 510.0 77.0 13.0 2.0 1.0  
1159587054 44945.0 38652.0 12449.0 3066.0 730.0 123.0 30.0 5.0  
1159588693 82027.0 14833.0 2522.0 477.0 126.0 10.0 3.0 2.0  
1159590331 81902.0 14848.0 2709.0 458.0 71.0 10.0 2.0   
1159591970 760.0 68605.0 23224.0 5710.0 1232.0 363.0 83.0 22.0 1.0 
1159593608 79979.0 16100.0 3149.0 634.0 107.0 24.0 4.0 2.0 1.0 
1159595246 76215.0 18399.0 4161.0 957.0 218.0 45.0 5.0   
1159596885 81577.0 15093.0 2654.0 543.0 101.0 30.0 2.0   
1159598523 81297.0 15238.0 2787.0 549.0 105.0 22.0 2.0   
1159600162 81073.0 15404.0 2764.0 595.0 137.0 21.0 6.0   
1159601800 82235.0 14730.0 2547.0 406.0 77.0 5.0    
1159603438 82188.0 14878.0 2417.0 440.0 66.0 11.0    
1159605077 82038.0 14776.0 2591.0 473.0 90.0 22.0 10.0   
1159606715 52134.0 34224.0 10479.0 2493.0 562.0 92.0 14.0 2.0  
1159608354 82586.0 14487.0 2383.0 442.0 90.0 11.0 1.0   
1159609992 78542.0 17204.0 3312.0 759.0 164.0 18.0 0.0 0.0 1.0 
1159611630 82156.0 14786.0 2485.0 464.0 95.0 10.0 4.0   
1159613269 81438.0 15251.0 2716.0 484.0 87.0 22.0 2.0   
1159614907 81785.0 14910.0 2613.0 544.0 121.0 27.0    
1159616546 81475.0 15192.0 2712.0 513.0 100.0 7.0 1.0   
1159618184 82490.0 14576.0 2473.0 403.0 55.0 3.0    
1159619822          
1159621022 82509.0 14579.0 2420.0 412.0 62.0 11.0 6.0 1.0  
1159622661 82347.0 14693.0 2468.0 411.0 70.0 11.0    
1159624299 81273.0 15332.0 2759.0 515.0 105.0 15.0 1.0   
1159625938 82105.0 14845.0 2492.0 445.0 90.0 20.0 2.0 1.0  
1159627576 81092.0 15680.0 2636.0 498.0 93.0 0.0 1.0   
1159629214 82163.0 14711.0 2495.0 506.0 107.0 12.0 2.0 3.0 1.0 
1159630853 82144.0 14672.0 2562.0 535.0 65.0 16.0 5.0 1.0  
1159632491 81821.0 14889.0 2724.0 464.0 82.0 17.0 3.0   
1159634130 78371.0 17177.0 3470.0 808.0 137.0 31.0 6.0   
1159635768 9751.0 61095.0 21769.0 5647.0 1297.0 335.0 77.0 18.0 10.0 1.0
1159637406 82129.0 14710.0 2606.0 450.0 75.0 13.0 7.0 8.0 2.0 
1159639045 81764.0 15243.0 2454.0 454.0 76.0 6.0 3.0   
1159640683 81007.0 15596.0 2763.0 543.0 79.0 10.0 2.0   
1159642322 81652.0 15209.0 2573.0 468.0 78.0 19.0 1.0   
1159643960 82439.0 14710.0 2386.0 389.0 70.0 2.0 4.0   
1159645598 81773.0 15035.0 2600.0 481.0 100.0 11.0    
1159647237 80867.0 15636.0 2854.0 522.0 114.0 6.0 1.0   
1159648875 82044.0 14737.0 2609.0 510.0 81.0 18.0 1.0   
1159650514 79954.0 16300.0 3082.0 552.0 84.0 16.0 10.0 2.0  
1159652152 81187.0 15457.0 2717.0 540.0 88.0 11.0    
1159653790 81814.0 15084.0 2468.0 496.0 102.0 26.0 9.0 0.0 1.0 
1159655429 80932.0 15378.0 2990.0 592.0 93.0 13.0 2.0   
1159657067 81751.0 15009.0 2564.0 545.0 117.0 9.0 5.0   
1159658706 81163.0 15367.0 2825.0 562.0 71.0 10.0 2.0   
1159660344 81580.0 15285.0 2584.0 449.0 79.0 13.0 7.0 3.0  
1159661982 82461.0 14582.0 2424.0 434.0 81.0 17.0 1.0   
1159663621 82306.0 14724.0 2450.0 417.0 89.0 11.0 3.0   
1159665259 82081.0 14939.0 2472.0 424.0 74.0 9.0 1.0   
1159666898 81894.0 14952.0 2610.0 440.0 90.0 14.0    
1159668536 80759.0 15617.0 2857.0 609.0 139.0 16.0 3.0   
1159670174 82675.0 14442.0 2375.0 410.0 76.0 21.0 1.0   
1159671813 75713.0 18967.0 4193.0 922.0 174.0 31.0    
1159673451 81810.0 15191.0 2513.0 422.0 59.0 5.0    
1159675090 33803.0 45149.0 15665.0 4082.0 982.0 254.0 51.0 14.0  
1159676728 81831.0 15081.0 2589.0 421.0 72.0 5.0 1.0   
1159678366 70358.0 22559.0 5477.0 1258.0 262.0 70.0 15.0 1.0  
1159680005 76020.0 18714.0 3970.0 982.0 264.0 45.0 5.0   
1159681643 82205.0 14774.0 2511.0 440.0 55.0 11.0 4.0   
1159683282 81225.0 15304.0 2830.0 533.0 92.0 13.0 3.0   
