 0 1 2 3 4 5 6 7
1159575586 81219.0 15278.0 2826.0 576.0 98.0 3.0  
1159577224 81333.0 15383.0 2670.0 496.0 104.0 13.0 1.0 
1159578862 81603.0 15066.0 2698.0 520.0 106.0 7.0  
1159580501 81419.0 15231.0 2776.0 493.0 68.0 13.0  
1159582139 81281.0 15365.0 2792.0 473.0 77.0 11.0 1.0 
1159583778 81037.0 15495.0 2802.0 563.0 100.0 3.0  
1159585416 81246.0 15401.0 2692.0 540.0 105.0 10.0 6.0 
1159587054 81209.0 15248.0 2910.0 507.0 102.0 23.0 1.0 
1159588693 81423.0 15307.0 2651.0 494.0 100.0 22.0 3.0 
1159590331 81572.0 15213.0 2611.0 498.0 87.0 17.0 2.0 
1159591970 81399.0 15271.0 2762.0 472.0 81.0 11.0 2.0 2.0
1159593608 81443.0 15306.0 2649.0 506.0 84.0 12.0  
1159595246 81405.0 15222.0 2780.0 461.0 117.0 14.0 1.0 
1159596885 81468.0 15096.0 2819.0 505.0 100.0 12.0  
1159598523 81227.0 15369.0 2797.0 509.0 90.0 8.0  
1159600162 81324.0 15295.0 2765.0 510.0 90.0 15.0 1.0 
1159601800 80832.0 15559.0 2936.0 527.0 117.0 26.0 3.0 
1159603438 80999.0 15454.0 2962.0 483.0 90.0 12.0  
1159605077 80135.0 16126.0 3002.0 584.0 111.0 26.0 15.0 1.0
1159606715 81171.0 15378.0 2866.0 494.0 75.0 14.0 2.0 
1159608354 81317.0 15388.0 2709.0 490.0 80.0 12.0 0.0 4.0
1159609992 81249.0 15314.0 2771.0 532.0 103.0 22.0 7.0 2.0
1159611630 80968.0 15600.0 2824.0 481.0 102.0 19.0 5.0 1.0
1159613269 81520.0 15304.0 2656.0 430.0 76.0 14.0  
1159614907 81589.0 15055.0 2757.0 473.0 114.0 12.0  
1159616546 80918.0 15607.0 2823.0 532.0 102.0 15.0 3.0 
1159618184 81523.0 15308.0 2662.0 404.0 90.0 13.0  
1159619822        
1159621022 80710.0 15604.0 3044.0 550.0 83.0 9.0  
1159622661 81375.0 15198.0 2774.0 520.0 105.0 27.0 1.0 
1159624299 81263.0 15382.0 2705.0 536.0 93.0 20.0 1.0 
1159625938 81370.0 15312.0 2704.0 503.0 88.0 21.0 2.0 
1159627576 81255.0 15330.0 2780.0 503.0 117.0 13.0 2.0 
1159629214 81268.0 15360.0 2723.0 526.0 88.0 23.0 11.0 1.0
1159630853 81524.0 15197.0 2707.0 475.0 85.0 11.0 0.0 1.0
1159632491 81387.0 15226.0 2749.0 525.0 94.0 19.0  
1159634130 81121.0 15371.0 2849.0 541.0 92.0 25.0 1.0 
1159635768 81081.0 15211.0 2986.0 575.0 127.0 20.0  
1159637406 81011.0 15588.0 2796.0 504.0 95.0 6.0  
1159639045 81191.0 15411.0 2815.0 466.0 106.0 11.0  
1159640683 81238.0 15486.0 2627.0 523.0 110.0 16.0  
1159642322 81632.0 15183.0 2661.0 437.0 76.0 6.0 1.0 4.0
1159643960 81427.0 15305.0 2692.0 464.0 102.0 8.0 2.0 
1159645598 81245.0 15373.0 2756.0 526.0 92.0 6.0 2.0 
1159647237 81168.0 15259.0 2919.0 542.0 99.0 11.0 2.0 
1159648875 81465.0 15277.0 2627.0 537.0 88.0 4.0 2.0 
1159650514 81214.0 15464.0 2765.0 473.0 73.0 8.0 3.0 
1159652152 81597.0 15178.0 2652.0 479.0 91.0 3.0  
1159653790 81002.0 15572.0 2767.0 538.0 108.0 13.0  
1159655429 81565.0 15239.0 2709.0 398.0 69.0 20.0  
1159657067 81103.0 15423.0 2794.0 566.0 97.0 13.0 4.0 
1159658706 81031.0 15431.0 2849.0 559.0 112.0 18.0  
1159660344 80894.0 15710.0 2769.0 489.0 123.0 13.0 2.0 
1159661982 81088.0 15455.0 2857.0 481.0 92.0 14.0 12.0 1.0
1159663621 81043.0 15519.0 2782.0 546.0 97.0 12.0 1.0 
1159665259 80886.0 15621.0 2811.0 562.0 108.0 12.0  
1159666898 81336.0 15278.0 2707.0 536.0 121.0 14.0 3.0 5.0
1159668536 81713.0 15118.0 2568.0 516.0 79.0 6.0  
1159670174 81107.0 15526.0 2741.0 533.0 82.0 10.0 1.0 
1159671813 81172.0 15539.0 2651.0 525.0 100.0 12.0 1.0 
1159673451 81299.0 15434.0 2635.0 504.0 112.0 15.0 1.0 
1159675090 81006.0 15608.0 2769.0 513.0 98.0 6.0  
1159676728 81175.0 15391.0 2742.0 573.0 110.0 8.0 1.0 
1159678366 81326.0 15333.0 2699.0 554.0 79.0 9.0  
1159680005 81313.0 15404.0 2590.0 580.0 109.0 4.0  
1159681643 81058.0 15509.0 2774.0 538.0 104.0 17.0  
1159683282 80967.0 15637.0 2819.0 478.0 93.0 5.0 1.0 
