 0 1 2 3 4 5 6 7 8 9
1144019669 208.0 15145.0 46328.0 24835.0 9325.0 3013.0 839.0 214.0 83.0 10.0
1144046702          
1144054076 56486.0 31728.0 9027.0 2169.0 461.0 103.0 22.0 3.0 1.0 
1144081109          
1144083128 13583.0 59692.0 20126.0 5140.0 1152.0 260.0 42.0 5.0  
1144084767 30199.0 5598.0 35720.0 18912.0 6912.0 2110.0 458.0 66.0 22.0 3.0
1144111800          
1144138833          
1144158495 70379.0 13708.0 9883.0 4184.0 1387.0 368.0 75.0 12.0 4.0 
1144185528          
1144187547 1423.0 20613.0 46352.0 22064.0 7105.0 1882.0 462.0 77.0 16.0 6.0
1144200655 2037.0 52612.0 30247.0 10846.0 3178.0 842.0 174.0 53.0 8.0 3.0
1144227688          
1144238338 79838.0 16263.0 3158.0 582.0 133.0 26.0    
1144246530 82789.0 14247.0 2500.0 383.0 65.0 14.0 2.0   
1144248168 75574.0 19204.0 4180.0 817.0 198.0 24.0 2.0 1.0  
1144251445 127.0 68318.0 23682.0 6099.0 1442.0 272.0 51.0 7.0 2.0 
1144256360 62895.0 27397.0 7690.0 1573.0 349.0 78.0 14.0 3.0 1.0 
1144278859 82143.0 14934.0 2405.0 415.0 77.0 23.0 3.0   
1144305892          
1144306712 77400.0 17829.0 3796.0 768.0 181.0 24.0 2.0   
1144332926 81913.0 14888.0 2562.0 535.0 85.0 12.0 1.0 2.0 2.0 
1144359959          
1144386992          
1144414025          
1144441058          
1144450453 71309.0 21862.0 5335.0 1174.0 265.0 52.0 3.0   
1144457007 4740.0 65338.0 22473.0 5772.0 1310.0 299.0 56.0 12.0  
1144484040          
1144495890 354.0 61817.0 26598.0 8363.0 2226.0 486.0 111.0 42.0 3.0 
1144522923          
1144549956          
1144576989          
1144604022          
1144606863 68478.0 23872.0 6079.0 1235.0 266.0 63.0 7.0   
