 0 1 2 3 4 5 6 7 8 9
1144019669 82017.0 15045.0 2437.0 418.0 80.0 3.0    
1144046702          
1144054076 82234.0 14816.0 2462.0 416.0 67.0 5.0    
1144081109          
1144083128 81183.0 15612.0 2599.0 517.0 77.0 12.0    
1144084767 82506.0 14788.0 2183.0 415.0 102.0 6.0    
1144111800          
1144138833          
1144158495 51776.0 34649.0 10448.0 2558.0 487.0 71.0 10.0 1.0  
1144185528          
1144187547 81996.0 14995.0 2552.0 377.0 70.0 10.0    
1144200655 81669.0 15160.0 2566.0 501.0 92.0 6.0 6.0   
1144227688          
1144238338 82067.0 14945.0 2474.0 435.0 72.0 7.0    
1144246530 80746.0 15701.0 2940.0 523.0 85.0 5.0    
1144248168 81851.0 14950.0 2681.0 427.0 78.0 10.0 3.0   
1144251445 81383.0 15417.0 2678.0 452.0 62.0 8.0    
1144256360 81544.0 15304.0 2577.0 467.0 89.0 19.0    
1144278859 81824.0 15025.0 2644.0 425.0 75.0 7.0    
1144305892          
1144306712 81524.0 15217.0 2649.0 524.0 68.0 18.0    
1144332926 78766.0 16977.0 3393.0 698.0 146.0 19.0 1.0   
1144359959          
1144386992          
1144414025          
1144441058          
1144450453 81924.0 14959.0 2532.0 475.0 94.0 11.0 2.0 2.0 1.0 
1144457007 80975.0 15750.0 2696.0 460.0 100.0 17.0 1.0 1.0  
1144484040          
1144495890 81819.0 14906.0 2602.0 541.0 103.0 14.0 10.0 3.0 1.0 1.0
1144522923          
1144549956          
1144576989          
1144604022          
1144606863 82340.0 14788.0 2374.0 408.0 71.0 18.0 1.0   
