 0 1 2 3 4 5 6 7 8
1144019669 80584.0 15799.0 2946.0 557.0 105.0 8.0 1.0  
1144046702         
1144054076 81016.0 15507.0 2861.0 506.0 92.0 13.0 3.0 1.0 1.0
1144081109         
1144083128 81179.0 15434.0 2755.0 527.0 98.0 7.0   
1144084767 81198.0 15534.0 2637.0 525.0 93.0 13.0   
1144111800         
1144138833         
1144158495 81038.0 15542.0 2878.0 438.0 83.0 21.0   
1144185528         
1144187547 81306.0 15415.0 2720.0 445.0 102.0 8.0 4.0  
1144200655 80716.0 15850.0 2844.0 468.0 103.0 18.0 1.0  
1144227688         
1144238338 81554.0 15190.0 2733.0 438.0 74.0 9.0 2.0  
1144246530 80783.0 15708.0 2815.0 545.0 124.0 25.0   
1144248168 80987.0 15478.0 2835.0 559.0 108.0 19.0 12.0 2.0 
1144251445 81048.0 15360.0 2889.0 560.0 114.0 27.0 2.0  
1144256360 81640.0 15106.0 2717.0 449.0 80.0 7.0 1.0  
1144278859 75993.0 18505.0 4227.0 984.0 221.0 54.0 10.0 6.0 
1144305892         
1144306712 81010.0 15577.0 2774.0 533.0 92.0 11.0 3.0  
1144332926 81274.0 15329.0 2767.0 510.0 112.0 5.0 2.0 1.0 
1144359959         
1144386992         
1144414025         
1144441058         
1144450453 81626.0 15200.0 2695.0 387.0 76.0 15.0 1.0  
1144457007 81437.0 15190.0 2692.0 544.0 122.0 13.0 2.0  
1144484040         
1144495890 81152.0 15425.0 2782.0 537.0 88.0 13.0 3.0  
1144522923         
1144549956         
1144576989         
1144604022         
1144606863 81329.0 15272.0 2813.0 458.0 113.0 12.0 0.0 3.0 
