 0 1 2 3 4 5 6 7 8
1144019669 80605.0 15838.0 2898.0 525.0 115.0 19.0   
1144046702         
1144054076 80856.0 15602.0 2937.0 506.0 74.0 22.0 3.0  
1144081109         
1144083128 81205.0 15391.0 2782.0 516.0 101.0 5.0   
1144084767 23868.0 50981.0 18813.0 4962.0 1101.0 205.0 51.0 17.0 2.0
1144111800         
1144138833         
1144158495 80925.0 15384.0 2939.0 619.0 101.0 30.0 2.0  
1144185528         
1144187547 80919.0 15713.0 2760.0 514.0 90.0 4.0   
1144200655 81090.0 15425.0 2949.0 446.0 75.0 13.0 2.0  
1144227688         
1144238338 81092.0 15607.0 2715.0 457.0 119.0 10.0   
1144246530 80416.0 15801.0 3087.0 553.0 118.0 25.0   
1144248168 80722.0 15644.0 3043.0 490.0 87.0 12.0 2.0  
1144251445 80868.0 15539.0 2901.0 533.0 119.0 25.0 14.0 1.0 
1144256360 80728.0 15547.0 3091.0 523.0 101.0 10.0   
1144278859 80762.0 15434.0 3055.0 607.0 121.0 13.0 6.0 1.0 1.0
1144305892         
1144306712 80938.0 15424.0 3026.0 484.0 109.0 17.0 2.0  
1144332926 81134.0 15306.0 2943.0 519.0 94.0 3.0 1.0  
1144359959         
1144386992         
1144414025         
1144441058         
1144450453 81034.0 15605.0 2806.0 463.0 83.0 8.0 1.0  
1144457007 80867.0 15478.0 3056.0 496.0 83.0 18.0 2.0  
1144484040         
1144495890 81210.0 15483.0 2711.0 476.0 100.0 19.0 1.0  
1144522923         
1144549956         
1144576989         
1144604022         
1144606863 80540.0 15804.0 3046.0 482.0 118.0 7.0 3.0  
