 0 1 2 3 4 5 6 7 8 9
1144019669 77594.0 17670.0 3710.0 786.0 182.0 42.0 6.0 8.0 2.0 
1144046702          
1144054076 77907.0 17579.0 3589.0 711.0 178.0 34.0 2.0   
1144081109          
1144083128 77601.0 17542.0 3824.0 833.0 160.0 38.0 2.0   
1144084767 77931.0 17472.0 3655.0 766.0 149.0 22.0 5.0   
1144111800          
1144138833          
1144158495 78109.0 17244.0 3648.0 746.0 207.0 33.0 12.0 1.0  
1144185528          
1144187547 77986.0 17599.0 3447.0 794.0 137.0 30.0 6.0 1.0  
1144200655 77538.0 17656.0 3772.0 825.0 180.0 27.0 2.0   
1144227688          
1144238338 77795.0 17574.0 3545.0 836.0 223.0 23.0 4.0   
1144246530 77769.0 17577.0 3621.0 796.0 211.0 22.0 4.0   
1144248168 77692.0 17488.0 3762.0 829.0 203.0 20.0 5.0 1.0  
1144251445 77328.0 17815.0 3815.0 815.0 182.0 39.0 6.0   
1144256360 77427.0 17724.0 3784.0 818.0 198.0 41.0 8.0   
1144278859 77911.0 17558.0 3571.0 738.0 170.0 39.0 12.0 0.0 0.0 1.0
1144305892          
1144306712 77721.0 17626.0 3654.0 782.0 179.0 31.0 7.0   
1144332926 77575.0 17739.0 3659.0 809.0 183.0 33.0 2.0   
1144359959          
1144386992          
1144414025          
1144441058          
1144450453 78000.0 17450.0 3595.0 745.0 163.0 38.0 9.0   
1144457007 77471.0 17609.0 3849.0 842.0 184.0 34.0 11.0   
1144484040          
1144495890 77756.0 17286.0 3922.0 815.0 187.0 30.0 3.0 0.0 1.0 
1144522923          
1144549956          
1144576989          
1144604022          
1144606863 77471.0 17526.0 3874.0 889.0 205.0 30.0 5.0   
