 0 1 2 3 4 5 6 7 8 9
1144019669 37932.0 45131.0 13103.0 3023.0 624.0 169.0 18.0   
1144046702          
1144054076 84377.0 13312.0 1952.0 319.0 34.0 6.0    
1144081109          
1144083128 46007.0 39714.0 10986.0 2593.0 577.0 109.0 13.0 1.0  
1144084767 84512.0 13144.0 1979.0 313.0 49.0 3.0    
1144111800          
1144138833          
1144158495 66161.0 25606.0 6454.0 1429.0 294.0 45.0 11.0   
1144185528          
1144187547 291.0 71915.0 21773.0 4857.0 968.0 184.0 11.0 0.0 0.0 1.0
1144200655 29139.0 51362.0 15208.0 3461.0 667.0 146.0 17.0   
1144227688          
1144238338 83554.0 13865.0 2226.0 300.0 45.0 9.0 1.0   
1144246530 84213.0 13417.0 2011.0 301.0 52.0 6.0    
1144248168 84232.0 13339.0 2055.0 317.0 48.0 9.0    
1144251445 84503.0 13188.0 1984.0 281.0 42.0 2.0    
1144256360 83929.0 13602.0 2103.0 304.0 61.0 1.0    
1144278859 83518.0 13764.0 2270.0 347.0 98.0 0.0 0.0 3.0  
1144305892          
1144306712 83954.0 13470.0 2154.0 345.0 63.0 6.0 8.0   
1144332926 84319.0 13391.0 1975.0 277.0 30.0 8.0    
1144359959          
1144386992          
1144414025          
1144441058          
1144450453 84559.0 13204.0 1871.0 315.0 48.0 3.0    
1144457007 83794.0 13699.0 2061.0 344.0 60.0 28.0 14.0   
1144484040          
1144495890 84159.0 13358.0 2109.0 320.0 40.0 8.0 6.0   
1144522923          
1144549956          
1144576989          
1144604022          
1144606863 83019.0 14283.0 2286.0 338.0 68.0 6.0    
