 0 1 2 3 4 5 6 7 8 9
1159724317 84605.0 13073.0 1984.0 309.0 27.0 2.0    
1159725956 84202.0 13441.0 2038.0 282.0 37.0     
1159727594 84750.0 12922.0 1966.0 313.0 41.0 7.0 1.0   
1159729233 84401.0 13293.0 1935.0 325.0 41.0 5.0    
1159730871 84336.0 13222.0 2077.0 303.0 46.0 16.0    
1159732509 84620.0 13218.0 1892.0 236.0 33.0 1.0    
1159734148 84481.0 13262.0 1921.0 286.0 38.0 12.0    
1159735786 84963.0 12774.0 1956.0 259.0 36.0 10.0 2.0   
1159737425 84322.0 13262.0 2022.0 339.0 51.0 4.0    
1159739063 84185.0 13323.0 2117.0 335.0 32.0 7.0 1.0   
1159740701 84399.0 13282.0 1945.0 309.0 55.0 9.0 1.0   
1159742340 83941.0 13615.0 2123.0 273.0 39.0 6.0 3.0   
1159743978 84220.0 13399.0 2005.0 321.0 51.0 4.0    
1159745617 83422.0 13927.0 2141.0 410.0 83.0 13.0 2.0 1.0 1.0 
1159747255 84392.0 13310.0 1957.0 276.0 52.0 10.0 3.0   
1159748893 84650.0 13185.0 1847.0 274.0 35.0 5.0 2.0 2.0  
1159750532 84123.0 13451.0 2047.0 320.0 53.0 5.0 1.0   
1159752170 84525.0 13205.0 1908.0 291.0 65.0 5.0 1.0   
1159753809 84361.0 13306.0 1978.0 301.0 46.0 7.0 1.0   
1159755447 84642.0 13159.0 1891.0 272.0 33.0 2.0 1.0   
1159757085 84372.0 13363.0 1856.0 336.0 57.0 14.0 2.0   
1159758724 84636.0 13005.0 2000.0 301.0 53.0 4.0 1.0   
1159760362 50460.0 36451.0 10280.0 2331.0 396.0 76.0 4.0 1.0 1.0 
1159762001 83713.0 13789.0 2112.0 335.0 45.0 6.0    
1159763639 84620.0 13045.0 1963.0 306.0 55.0 11.0    
1159765277 84483.0 13218.0 1925.0 308.0 54.0 12.0    
1159766916 83637.0 13792.0 2147.0 336.0 76.0 12.0    
1159768554 84369.0 13405.0 1868.0 306.0 48.0 4.0    
1159770193 83894.0 13625.0 2062.0 346.0 63.0 8.0 2.0   
1159771831 84349.0 13120.0 2138.0 298.0 73.0 16.0 6.0   
1159773469 84480.0 13321.0 1863.0 283.0 48.0 5.0    
1159775108 84331.0 13455.0 1907.0 251.0 50.0 5.0 1.0   
1159776746 84192.0 13507.0 1912.0 329.0 47.0 10.0 3.0   
1159778385 83966.0 13565.0 2089.0 313.0 60.0 7.0    
1159780023 84182.0 13307.0 2136.0 308.0 54.0 7.0 5.0 0.0 1.0 
1159781661 84786.0 12944.0 1901.0 314.0 42.0 11.0 2.0   
1159783300 84334.0 13310.0 1955.0 351.0 44.0 5.0 1.0   
1159784938 84587.0 13206.0 1866.0 316.0 22.0 3.0    
1159786577 78316.0 17589.0 3317.0 655.0 111.0 10.0 2.0   
1159788215 84742.0 13084.0 1833.0 279.0 58.0 4.0    
1159789853 84375.0 13106.0 2078.0 372.0 60.0 9.0    
1159791492 84295.0 13377.0 2006.0 294.0 23.0 4.0 1.0   
1159793130 83519.0 13908.0 2183.0 331.0 51.0 7.0 1.0   
1159794769 84521.0 13116.0 1973.0 346.0 34.0 9.0 1.0   
1159796407 84247.0 13355.0 2012.0 310.0 67.0 7.0 2.0   
1159798045 84216.0 13356.0 2013.0 354.0 53.0 8.0    
1159799684 84463.0 13079.0 2104.0 299.0 36.0 13.0 5.0 1.0  
1159801322 84860.0 12825.0 1980.0 301.0 31.0 3.0    
1159802961 84882.0 12882.0 1892.0 307.0 35.0 2.0    
1159804599 84430.0 13104.0 2029.0 367.0 62.0 6.0 2.0   
1159806237 84302.0 13226.0 2046.0 361.0 56.0 9.0    
1159807876 83518.0 13736.0 2269.0 400.0 72.0 5.0    
1159809514 84334.0 13231.0 2050.0 321.0 37.0 24.0 3.0   
1159811153 84353.0 13197.0 2106.0 292.0 42.0 5.0 5.0   
1159812791 84871.0 12906.0 1860.0 309.0 50.0 4.0    
1159814429 83940.0 13522.0 2105.0 343.0 63.0 19.0 7.0 1.0  
1159816068 84225.0 13415.0 2013.0 311.0 29.0 6.0 1.0   
1159817706 83253.0 13876.0 2327.0 449.0 81.0 11.0 3.0   
1159819345 84233.0 13330.0 2056.0 316.0 58.0 4.0 2.0 1.0  
1159820983 84294.0 13411.0 1916.0 326.0 39.0 9.0 4.0 1.0  
1159822621 84268.0 13284.0 2027.0 347.0 65.0 8.0 1.0   
1159824260 82074.0 14863.0 2580.0 406.0 63.0 10.0 3.0 1.0  
1159825898 84461.0 13283.0 1919.0 295.0 40.0 2.0    
1159827537 84677.0 12997.0 1980.0 289.0 50.0 3.0 4.0   
1159829175 84195.0 13447.0 2013.0 289.0 49.0 5.0 2.0   
1159830813 84335.0 13343.0 1928.0 328.0 53.0 11.0 2.0   
1159832452 84218.0 13452.0 1969.0 318.0 33.0 7.0 3.0   
1159834090 84270.0 13174.0 2128.0 357.0 64.0 4.0 3.0   
1159835729 84449.0 13193.0 2012.0 306.0 35.0 4.0 1.0   
1159837367 84082.0 13510.0 2039.0 308.0 49.0 12.0    
1159839005 83903.0 13594.0 2081.0 371.0 48.0 3.0    
1159840644 84477.0 13133.0 1971.0 353.0 57.0 8.0 1.0   
1159842282 84469.0 13101.0 2040.0 325.0 52.0 9.0 4.0   
1159843921 84369.0 13274.0 1973.0 340.0 40.0 4.0    
1159845559 83967.0 13519.0 2124.0 345.0 43.0 2.0    
1159847197 84426.0 13223.0 1948.0 350.0 41.0 8.0 4.0   
1159848836 84158.0 13435.0 1991.0 330.0 74.0 11.0 1.0   
1159850474 84277.0 13407.0 1987.0 275.0 45.0 3.0 3.0 3.0  
1159852113 84511.0 13035.0 2061.0 346.0 36.0 8.0 2.0 1.0  
1159853751 84189.0 13397.0 2064.0 315.0 31.0 3.0 1.0   
1159855389 84560.0 13248.0 1917.0 227.0 37.0 11.0    
1159857028 84661.0 13121.0 1887.0 277.0 40.0 13.0 1.0   
1159858666 84682.0 12954.0 1970.0 343.0 45.0 4.0 2.0   
1159860305 84445.0 13210.0 2033.0 263.0 46.0 3.0    
1159861943 84504.0 13118.0 2003.0 312.0 51.0 7.0 5.0   
1159863581 84486.0 13191.0 1926.0 324.0 52.0 13.0 8.0   
1159865220 84190.0 13425.0 2023.0 294.0 54.0 10.0 4.0   
1159866858 9444.0 64115.0 20410.0 4784.0 945.0 215.0 72.0 12.0 3.0 
1159868497 84838.0 12984.0 1847.0 292.0 34.0 5.0    
1159870135 84214.0 13453.0 1976.0 303.0 46.0 6.0 2.0   
1159871773 84321.0 13344.0 2000.0 302.0 26.0 5.0 1.0 1.0  
1159873412 84789.0 13058.0 1865.0 249.0 35.0 1.0 3.0   
1159875050 84185.0 13402.0 2047.0 310.0 47.0 6.0 3.0   
1159876689 84502.0 13120.0 2013.0 325.0 35.0 5.0    
1159878327 84396.0 13261.0 1986.0 295.0 55.0 7.0    
1159879965 84671.0 13108.0 1901.0 294.0 24.0 1.0 1.0   
1159881604 84354.0 13244.0 2058.0 275.0 53.0 15.0 1.0   
1159883242 84512.0 13201.0 1924.0 323.0 37.0 2.0 1.0   
1159884881 83930.0 13395.0 2310.0 335.0 25.0 4.0 1.0   
1159886519 84800.0 12913.0 1925.0 305.0 42.0 15.0    
1159888157 84307.0 13228.0 2076.0 336.0 40.0 12.0 1.0   
1159889796 84270.0 13292.0 2027.0 358.0 49.0 4.0    
1159891434 84170.0 13403.0 2012.0 355.0 56.0 4.0    
1159893073 84380.0 13138.0 2116.0 304.0 53.0 7.0 2.0   
1159894711 84545.0 13054.0 2010.0 345.0 35.0 11.0    
1159896349 84613.0 13035.0 1988.0 329.0 31.0 3.0 1.0   
1159897988 84639.0 13083.0 1932.0 307.0 36.0 3.0    
1159899626 84470.0 13189.0 1999.0 299.0 40.0 3.0    
1159901265 84415.0 13331.0 1870.0 344.0 30.0 8.0 1.0 0.0 0.0 1.0
1159902903 84402.0 13276.0 1960.0 311.0 39.0 11.0 1.0   
1159904541 84340.0 13274.0 1967.0 322.0 66.0 12.0 10.0 8.0 1.0 
1159906180 84211.0 13273.0 2079.0 372.0 52.0 13.0    
1159907818 84222.0 13396.0 2057.0 272.0 45.0 8.0    
1159909457 84193.0 13509.0 1928.0 300.0 61.0 8.0 1.0   
1159911095 84274.0 13288.0 2069.0 321.0 41.0 6.0 1.0   
1159912733 84531.0 13191.0 1923.0 291.0 42.0 22.0    
1159914372 84467.0 13136.0 1977.0 350.0 64.0 6.0    
1159916010 83838.0 13564.0 2178.0 331.0 75.0 11.0 3.0   
1159917649 84532.0 12951.0 2133.0 333.0 41.0 9.0 1.0   
1159919287 84698.0 12884.0 2020.0 332.0 41.0 17.0 5.0 3.0  
1159920925 84261.0 13464.0 1960.0 262.0 45.0 8.0    
1159922564 84605.0 13079.0 1957.0 317.0 32.0 9.0 1.0   
1159924202 84429.0 13221.0 2006.0 284.0 55.0 5.0    
1159925841 84454.0 13169.0 1930.0 382.0 59.0 6.0    
1159927479 84876.0 12891.0 1855.0 331.0 45.0 2.0    
1159929117 84766.0 12996.0 1954.0 248.0 29.0 6.0 0.0 1.0  
1159930756 85107.0 12771.0 1862.0 232.0 25.0 3.0    
1159932394 84476.0 13135.0 1994.0 349.0 42.0 4.0    
1159934033 84057.0 13491.0 2092.0 310.0 45.0 5.0    
1159935671 84515.0 13198.0 1957.0 273.0 42.0 10.0 2.0 3.0  
1159937309 84688.0 13016.0 1928.0 307.0 52.0 4.0 5.0   
1159938948 84108.0 13499.0 2074.0 280.0 36.0 2.0 1.0   
1159940586 84451.0 13175.0 2055.0 266.0 53.0     
1159942225 84235.0 13237.0 2172.0 299.0 46.0 9.0 2.0   
1159943863 84413.0 13299.0 1956.0 274.0 51.0 6.0 1.0   
1159945501 84269.0 13305.0 2005.0 349.0 62.0 5.0 5.0   
