 0 1 2 3 4 5 6 7 8 9
1159724317 83144.0 14068.0 2325.0 391.0 57.0 13.0 1.0 0.0 1.0 
1159725956 82949.0 14251.0 2372.0 368.0 56.0 3.0 1.0   
1159727594 82292.0 14573.0 2522.0 471.0 116.0 17.0 9.0   
1159729233 82877.0 14311.0 2251.0 446.0 99.0 15.0 1.0   
1159730871 82891.0 14412.0 2241.0 389.0 60.0 6.0 1.0   
1159732509 83079.0 14150.0 2309.0 404.0 47.0 4.0 5.0 2.0  
1159734148 83028.0 14191.0 2272.0 418.0 77.0 14.0    
1159735786 83131.0 14025.0 2400.0 382.0 59.0 3.0    
1159737425 82688.0 14490.0 2359.0 385.0 70.0 5.0 3.0   
1159739063 82555.0 14437.0 2470.0 428.0 91.0 13.0 4.0 2.0  
1159740701 82516.0 14700.0 2323.0 377.0 69.0 8.0 6.0 1.0  
1159742340 82323.0 14830.0 2385.0 382.0 55.0 12.0 6.0 5.0 2.0 
1159743978 83197.0 14066.0 2284.0 384.0 57.0 11.0 1.0   
1159745617 82394.0 14626.0 2419.0 466.0 73.0 22.0    
1159747255 83018.0 14154.0 2354.0 404.0 58.0 12.0    
1159748893 82770.0 14456.0 2305.0 391.0 67.0 10.0 1.0   
1159750532 82633.0 14209.0 2559.0 489.0 88.0 18.0 4.0   
1159752170 83030.0 14212.0 2339.0 339.0 69.0 11.0    
1159753809 82844.0 14361.0 2307.0 395.0 76.0 13.0 4.0   
1159755447 82509.0 14430.0 2540.0 429.0 77.0 13.0 1.0 0.0 1.0 
1159757085 83185.0 14155.0 2259.0 339.0 44.0 15.0 3.0   
1159758724 82529.0 14521.0 2431.0 446.0 66.0 7.0    
1159760362 82144.0 14817.0 2502.0 447.0 73.0 14.0 3.0   
1159762001 82933.0 14388.0 2191.0 408.0 60.0 15.0 4.0 1.0  
1159763639 82610.0 14382.0 2483.0 446.0 62.0 10.0 7.0   
1159765277 82560.0 14472.0 2381.0 479.0 92.0 16.0    
1159766916 83041.0 14280.0 2186.0 409.0 65.0 14.0 4.0 1.0  
1159768554 82970.0 14258.0 2315.0 377.0 66.0 8.0 5.0 1.0  
1159770193 82643.0 14469.0 2439.0 396.0 48.0 5.0    
1159771831 82755.0 14303.0 2418.0 447.0 67.0 9.0 1.0   
1159773469 82898.0 14183.0 2472.0 378.0 54.0 11.0 4.0   
1159775108 82378.0 14761.0 2294.0 470.0 89.0 8.0    
1159776746 82767.0 14403.0 2293.0 459.0 75.0 3.0    
1159778385 82818.0 14327.0 2305.0 465.0 64.0 18.0 3.0   
1159780023 83233.0 14007.0 2256.0 425.0 64.0 8.0 6.0 1.0  
1159781661 82552.0 14640.0 2300.0 419.0 74.0 12.0 2.0 1.0  
1159783300 82676.0 14539.0 2328.0 396.0 56.0 3.0 2.0   
1159784938 82312.0 14749.0 2431.0 419.0 72.0 11.0 3.0 3.0  
1159786577 83209.0 14183.0 2137.0 393.0 62.0 4.0 6.0 6.0  
1159788215 82844.0 14314.0 2302.0 461.0 61.0 9.0 3.0 2.0 4.0 
1159789853 80690.0 15673.0 2864.0 640.0 94.0 27.0 11.0 1.0  
1159791492 83174.0 14173.0 2181.0 388.0 74.0 6.0 4.0   
1159793130 82827.0 14249.0 2361.0 497.0 58.0 7.0 1.0   
1159794769 80048.0 16273.0 2892.0 604.0 161.0 20.0 1.0 1.0  
1159796407 82805.0 14375.0 2337.0 426.0 49.0 8.0    
1159798045 82910.0 14307.0 2270.0 422.0 86.0 5.0    
1159799684 82461.0 14424.0 2570.0 452.0 73.0 20.0    
1159801322 82987.0 14207.0 2326.0 422.0 55.0 3.0    
1159802961 83148.0 14009.0 2381.0 374.0 66.0 15.0 3.0 4.0  
1159804599 82234.0 14793.0 2452.0 426.0 85.0 9.0 1.0   
1159806237 82497.0 14626.0 2391.0 415.0 57.0 10.0 4.0   
1159807876 82281.0 14648.0 2492.0 473.0 88.0 10.0 6.0 2.0  
1159809514 82102.0 14794.0 2509.0 474.0 101.0 16.0 4.0   
1159811153 82804.0 14306.0 2384.0 417.0 80.0 9.0    
1159812791 82562.0 14469.0 2459.0 429.0 75.0 6.0    
1159814429 82495.0 14542.0 2389.0 465.0 92.0 13.0 4.0   
1159816068 83211.0 14014.0 2282.0 403.0 69.0 19.0 2.0   
1159817706 82965.0 14220.0 2269.0 454.0 77.0 13.0 1.0 1.0  
1159819345 82625.0 14622.0 2286.0 405.0 52.0 7.0 3.0   
1159820983 82840.0 14309.0 2323.0 413.0 95.0 16.0 4.0   
1159822621 82786.0 14412.0 2339.0 386.0 65.0 6.0 3.0 3.0  
1159824260 81414.0 15141.0 2699.0 596.0 130.0 17.0 3.0   
1159825898 82732.0 14439.0 2326.0 399.0 75.0 16.0 7.0 2.0 2.0 2.0
1159827537 82477.0 14565.0 2424.0 437.0 79.0 17.0 1.0   
1159829175 82843.0 14360.0 2311.0 424.0 57.0 2.0 3.0   
1159830813 82750.0 14326.0 2440.0 391.0 83.0 9.0 1.0   
1159832452 82692.0 14491.0 2325.0 391.0 71.0 20.0 10.0   
1159834090 82874.0 14361.0 2306.0 393.0 62.0 4.0    
1159835729 82273.0 14730.0 2426.0 450.0 94.0 22.0 5.0   
1159837367 82716.0 14362.0 2324.0 493.0 92.0 10.0 3.0   
1159839005 82964.0 14325.0 2220.0 406.0 67.0 11.0 6.0 0.0 1.0 
1159840644 82913.0 14311.0 2239.0 434.0 79.0 19.0 4.0 0.0 1.0 
1159842282 83078.0 14168.0 2180.0 468.0 80.0 22.0 3.0 1.0  
1159843921 82692.0 14346.0 2450.0 408.0 84.0 14.0 5.0 1.0  
1159845559 83285.0 14063.0 2242.0 343.0 59.0 5.0 3.0   
1159847197 82597.0 14551.0 2370.0 407.0 64.0 7.0 3.0 1.0  
1159848836 83005.0 14223.0 2329.0 366.0 56.0 12.0 7.0 1.0 1.0 
1159850474 83088.0 14330.0 2141.0 364.0 58.0 11.0 7.0 0.0 1.0 
1159852113 81058.0 15556.0 2748.0 510.0 109.0 15.0 4.0   
1159853751 82429.0 14666.0 2372.0 435.0 83.0 12.0 3.0   
1159855389 82732.0 14184.0 2545.0 418.0 105.0 11.0 5.0   
1159857028 83188.0 14207.0 2243.0 321.0 35.0 4.0 2.0   
1159858666 83044.0 14128.0 2343.0 388.0 73.0 17.0 6.0 1.0  
1159860305 82713.0 14338.0 2459.0 412.0 55.0 12.0 11.0   
1159861943 83203.0 14095.0 2287.0 354.0 53.0 7.0 1.0   
1159863581 82474.0 14527.0 2479.0 415.0 77.0 22.0 6.0   
1159865220 83420.0 13835.0 2279.0 363.0 84.0 6.0 13.0   
1159866858 52664.0 33535.0 9997.0 2866.0 651.0 206.0 76.0 3.0 2.0 
1159868497 82907.0 14083.0 2467.0 429.0 87.0 21.0 6.0   
1159870135 82541.0 14641.0 2323.0 420.0 67.0 6.0 2.0   
1159871773 83139.0 14215.0 2188.0 386.0 61.0 10.0 1.0   
1159873412 82240.0 14788.0 2455.0 440.0 72.0 5.0    
1159875050 82293.0 14794.0 2359.0 456.0 79.0 14.0 5.0   
1159876689 83007.0 14162.0 2292.0 458.0 70.0 10.0 1.0   
1159878327 82571.0 14592.0 2344.0 420.0 69.0 4.0    
1159879965 82072.0 14695.0 2670.0 461.0 81.0 21.0    
1159881604 82666.0 14501.0 2324.0 419.0 78.0 9.0 3.0   
1159883242 83108.0 14074.0 2378.0 372.0 66.0 2.0    
1159884881 82614.0 14513.0 2395.0 419.0 55.0 2.0 2.0   
1159886519 83084.0 14106.0 2361.0 368.0 74.0 6.0 1.0   
1159888157 82705.0 14312.0 2480.0 450.0 48.0 4.0 1.0   
1159889796 82905.0 14330.0 2329.0 363.0 61.0 12.0    
1159891434 83089.0 14095.0 2335.0 398.0 65.0 16.0 1.0 1.0  
1159893073 82901.0 14290.0 2321.0 402.0 79.0 5.0 1.0 1.0  
1159894711 82817.0 14378.0 2317.0 390.0 71.0 22.0 5.0   
1159896349 83079.0 14283.0 2178.0 357.0 86.0 11.0 4.0 2.0  
1159897988 83002.0 14194.0 2320.0 396.0 73.0 11.0 4.0   
1159899626 83163.0 14066.0 2297.0 383.0 67.0 19.0 5.0   
1159901265 83091.0 14202.0 2241.0 379.0 67.0 17.0 3.0   
1159902903 82616.0 14457.0 2422.0 436.0 63.0 6.0    
1159904541 83256.0 14130.0 2201.0 334.0 65.0 12.0 2.0   
1159906180 82830.0 14340.0 2324.0 426.0 61.0 14.0 5.0   
1159907818 83103.0 14029.0 2426.0 368.0 64.0 10.0    
1159909457 82825.0 14419.0 2282.0 388.0 76.0 8.0 2.0   
1159911095 82689.0 14384.0 2334.0 451.0 117.0 21.0 4.0   
1159912733 83051.0 14057.0 2401.0 409.0 64.0 13.0 5.0   
1159914372 82788.0 14438.0 2285.0 392.0 92.0 4.0 1.0   
1159916010 81960.0 14848.0 2537.0 522.0 104.0 29.0    
1159917649 82793.0 14333.0 2364.0 422.0 76.0 11.0 1.0   
1159919287 82938.0 14194.0 2376.0 412.0 67.0 13.0    
1159920925 82899.0 14260.0 2340.0 408.0 85.0 6.0 2.0   
1159922564 83018.0 14302.0 2251.0 356.0 68.0 5.0    
1159924202 82688.0 14366.0 2477.0 374.0 84.0 8.0 2.0 1.0  
1159925841 82767.0 14422.0 2332.0 401.0 74.0 4.0    
1159927479 82502.0 14423.0 2462.0 470.0 117.0 22.0 4.0   
1159929117 82564.0 14548.0 2374.0 433.0 67.0 12.0 2.0   
1159930756 83036.0 14221.0 2269.0 390.0 65.0 16.0 2.0 1.0  
1159932394 82911.0 14268.0 2351.0 377.0 84.0 4.0 5.0   
1159934033 82255.0 14670.0 2507.0 447.0 102.0 19.0    
1159935671 82650.0 14454.0 2419.0 408.0 55.0 13.0 1.0   
1159937309 82730.0 14256.0 2461.0 457.0 82.0 12.0 2.0   
1159938948 82829.0 14378.0 2263.0 421.0 92.0 13.0 4.0   
1159940586 82765.0 14437.0 2361.0 351.0 69.0 14.0 3.0   
1159942225 82737.0 14366.0 2415.0 400.0 67.0 13.0 2.0   
1159943863 82824.0 14282.0 2317.0 492.0 69.0 9.0 7.0   
1159945501 83150.0 14218.0 2153.0 377.0 71.0 8.0 10.0 4.0 4.0 5.0
