 0 1 2 3 4 5 6 7 8
1159724317 81082.0 15433.0 2812.0 572.0 77.0 17.0 7.0  
1159725956 81016.0 15475.0 2859.0 483.0 142.0 17.0 8.0  
1159727594 80815.0 15728.0 2761.0 604.0 79.0 12.0 1.0  
1159729233 80603.0 15752.0 2941.0 608.0 86.0 10.0   
1159730871 80904.0 15664.0 2858.0 469.0 84.0 20.0 1.0  
1159732509 81204.0 15468.0 2731.0 497.0 83.0 15.0 2.0  
1159734148 81359.0 15212.0 2752.0 573.0 95.0 9.0   
1159735786 81421.0 15329.0 2659.0 465.0 108.0 18.0   
1159737425 81369.0 15280.0 2730.0 544.0 66.0 11.0   
1159739063 81269.0 15339.0 2811.0 480.0 89.0 12.0   
1159740701 81514.0 15130.0 2750.0 471.0 116.0 19.0   
1159742340 80923.0 15731.0 2753.0 502.0 83.0 8.0   
1159743978 81059.0 15482.0 2801.0 534.0 111.0 13.0   
1159745617 80923.0 15741.0 2746.0 500.0 77.0 10.0 3.0  
1159747255 81198.0 15298.0 2853.0 527.0 110.0 11.0 3.0  
1159748893 80926.0 15581.0 2828.0 553.0 95.0 16.0 1.0  
1159750532 81414.0 15170.0 2848.0 474.0 83.0 8.0 3.0  
1159752170 80902.0 15608.0 2790.0 568.0 105.0 21.0 5.0 1.0 
1159753809 81302.0 15191.0 2912.0 499.0 89.0 7.0   
1159755447 81433.0 15162.0 2792.0 479.0 114.0 20.0   
1159757085 81194.0 15366.0 2799.0 523.0 112.0 6.0   
1159758724 81296.0 15255.0 2862.0 473.0 107.0 6.0 1.0  
1159760362 81399.0 15220.0 2682.0 574.0 114.0 9.0 2.0  
1159762001 80120.0 16059.0 3103.0 581.0 122.0 15.0   
1159763639 80886.0 15721.0 2830.0 468.0 85.0 8.0 1.0 1.0 
1159765277 81130.0 15422.0 2853.0 492.0 94.0 9.0   
1159766916 81246.0 15449.0 2738.0 472.0 84.0 11.0   
1159768554 80926.0 15711.0 2737.0 489.0 128.0 8.0 1.0  
1159770193 81122.0 15525.0 2775.0 489.0 74.0 13.0 1.0 1.0 
1159771831 81359.0 15366.0 2663.0 504.0 94.0 14.0   
1159773469 81047.0 15563.0 2774.0 514.0 96.0 6.0   
1159775108 81557.0 15177.0 2685.0 483.0 88.0 9.0 1.0  
1159776746 81364.0 15272.0 2756.0 518.0 81.0 9.0   
1159778385 81216.0 15502.0 2691.0 479.0 103.0 9.0   
1159780023 81415.0 15322.0 2676.0 467.0 107.0 13.0   
1159781661 81227.0 15519.0 2686.0 470.0 92.0 6.0   
1159783300 81266.0 15256.0 2872.0 473.0 123.0 10.0   
1159784938 81308.0 15339.0 2769.0 484.0 94.0 4.0 0.0 2.0 
1159786577 80832.0 15757.0 2738.0 549.0 116.0 7.0 1.0  
1159788215 81385.0 15342.0 2672.0 504.0 80.0 17.0   
1159789853 81344.0 15254.0 2860.0 459.0 75.0 6.0 2.0  
1159791492 81389.0 15371.0 2690.0 450.0 92.0 7.0 0.0 1.0 
1159793130 81241.0 15409.0 2730.0 531.0 79.0 10.0   
1159794769 81462.0 15350.0 2575.0 494.0 111.0 8.0   
1159796407 81354.0 15208.0 2822.0 506.0 85.0 20.0 5.0  
1159798045 81350.0 15315.0 2653.0 538.0 118.0 24.0 2.0  
1159799684 81597.0 15104.0 2666.0 528.0 98.0 7.0   
1159801322 81188.0 15317.0 2795.0 588.0 100.0 12.0   
1159802961 81298.0 15408.0 2675.0 497.0 88.0 32.0 2.0  
1159804599 81361.0 15094.0 2866.0 559.0 105.0 13.0 2.0  
1159806237 81550.0 15424.0 2559.0 378.0 84.0 5.0   
1159807876 80696.0 15725.0 2865.0 585.0 110.0 19.0   
1159809514 81052.0 15470.0 2856.0 518.0 83.0 21.0   
1159811153 81271.0 15258.0 2808.0 527.0 121.0 15.0   
1159812791 81583.0 15218.0 2560.0 516.0 101.0 18.0 4.0  
1159814429 81640.0 15056.0 2702.0 493.0 88.0 21.0   
1159816068 81312.0 15369.0 2675.0 514.0 115.0 13.0 2.0  
1159817706 81360.0 15233.0 2731.0 550.0 112.0 14.0   
1159819345 81082.0 15500.0 2801.0 515.0 94.0 8.0   
1159820983 81425.0 15305.0 2689.0 478.0 85.0 18.0   
1159822621 81534.0 15339.0 2567.0 479.0 62.0 19.0   
1159824260 80883.0 15564.0 2815.0 621.0 107.0 10.0   
1159825898 80827.0 15590.0 2922.0 540.0 107.0 14.0   
1159827537 79571.0 16386.0 3301.0 597.0 127.0 17.0 1.0  
1159829175 81455.0 15262.0 2707.0 474.0 89.0 12.0 1.0  
1159830813 81188.0 15360.0 2867.0 470.0 96.0 18.0 1.0  
1159832452 81042.0 15431.0 2842.0 567.0 104.0 10.0 4.0  
1159834090 81288.0 15292.0 2828.0 474.0 97.0 20.0 1.0  
1159835729 80101.0 15817.0 3333.0 591.0 131.0 22.0 5.0  
1159837367 81047.0 15426.0 2812.0 569.0 129.0 17.0   
1159839005 81309.0 15445.0 2592.0 525.0 105.0 13.0 9.0 2.0 
1159840644 81271.0 15388.0 2754.0 479.0 97.0 11.0   
1159842282 81437.0 15173.0 2744.0 521.0 105.0 14.0 6.0  
1159843921 80938.0 15405.0 2940.0 563.0 131.0 21.0 2.0  
1159845559 81296.0 15286.0 2805.0 501.0 93.0 14.0 5.0  
1159847197 81155.0 15491.0 2716.0 505.0 123.0 8.0 2.0  
1159848836 81530.0 15234.0 2628.0 499.0 97.0 9.0 0.0 3.0 
1159850474 81408.0 15290.0 2684.0 490.0 106.0 21.0 1.0  
1159852113 80969.0 15443.0 2959.0 523.0 86.0 17.0 0.0 3.0 
1159853751 81394.0 15204.0 2761.0 533.0 83.0 21.0 4.0  
1159855389 81514.0 15175.0 2727.0 494.0 72.0 18.0   
1159857028 81476.0 15325.0 2626.0 466.0 83.0 23.0 1.0  
1159858666 80841.0 15608.0 2837.0 573.0 119.0 13.0 4.0 5.0 
1159860305 81106.0 15595.0 2682.0 500.0 105.0 12.0   
1159861943 81440.0 15288.0 2733.0 452.0 76.0 11.0   
1159863581 81395.0 15224.0 2766.0 536.0 74.0 5.0   
1159865220 81225.0 15389.0 2747.0 507.0 107.0 25.0   
1159866858 81559.0 15109.0 2744.0 466.0 111.0 10.0 1.0  
1159868497 81480.0 15198.0 2730.0 498.0 85.0 9.0   
1159870135 81076.0 15373.0 2892.0 549.0 107.0 3.0   
1159871773 80670.0 15761.0 2894.0 543.0 117.0 12.0 3.0  
1159873412 81516.0 15099.0 2712.0 538.0 127.0 8.0   
1159875050 81382.0 15239.0 2698.0 512.0 137.0 28.0 4.0  
1159876689 81070.0 15595.0 2703.0 504.0 109.0 13.0 6.0  
1159878327 81351.0 15248.0 2769.0 495.0 119.0 17.0 1.0  
1159879965 81202.0 15387.0 2770.0 520.0 105.0 15.0 1.0  
1159881604 81267.0 15224.0 2860.0 506.0 108.0 30.0 5.0  
1159883242 81173.0 15253.0 3001.0 479.0 73.0 11.0 10.0  
1159884881 81093.0 15467.0 2871.0 484.0 77.0 8.0   
1159886519 81657.0 15126.0 2651.0 472.0 84.0 10.0   
1159888157 81112.0 15457.0 2794.0 524.0 100.0 12.0 1.0  
1159889796 81478.0 15336.0 2648.0 434.0 89.0 15.0   
1159891434 81445.0 15314.0 2623.0 505.0 100.0 13.0   
1159893073 81288.0 15357.0 2768.0 502.0 66.0 15.0 3.0 1.0 
1159894711 80362.0 15946.0 2975.0 597.0 102.0 13.0 5.0  
1159896349 81002.0 15525.0 2845.0 528.0 83.0 17.0   
1159897988 81376.0 15243.0 2738.0 548.0 88.0 5.0 2.0  
1159899626 81366.0 15342.0 2684.0 490.0 103.0 15.0   
1159901265 80307.0 15982.0 3016.0 543.0 136.0 14.0 2.0  
1159902903 80932.0 15541.0 2854.0 546.0 108.0 19.0   
1159904541 81135.0 15507.0 2695.0 505.0 117.0 39.0 2.0  
1159906180 81296.0 15434.0 2656.0 504.0 90.0 20.0   
1159907818 78854.0 16704.0 3494.0 766.0 149.0 24.0 7.0 2.0 
1159909457 81064.0 15657.0 2657.0 518.0 87.0 17.0   
1159911095 81265.0 15438.0 2759.0 427.0 99.0 12.0   
1159912733 81407.0 15237.0 2795.0 444.0 105.0 11.0 1.0  
1159914372 81301.0 15370.0 2719.0 526.0 75.0 8.0 1.0  
1159916010 81221.0 15346.0 2746.0 545.0 121.0 18.0 3.0  
1159917649 81165.0 15522.0 2728.0 473.0 100.0 12.0   
1159919287 81473.0 15314.0 2679.0 455.0 70.0 8.0 1.0  
1159920925 81135.0 15428.0 2817.0 494.0 103.0 20.0 0.0 3.0 
1159922564 61750.0 27452.0 8066.0 2084.0 478.0 128.0 34.0 7.0 1.0
1159924202 81575.0 15010.0 2848.0 443.0 110.0 14.0   
1159925841 80750.0 15659.0 2882.0 586.0 108.0 7.0 7.0 1.0 
1159927479 81279.0 15208.0 2856.0 542.0 106.0 8.0 1.0  
1159929117 81196.0 15562.0 2698.0 482.0 59.0 3.0   
1159930756 81292.0 15273.0 2690.0 616.0 108.0 13.0 5.0 2.0 1.0
1159932394 79291.0 16413.0 3459.0 683.0 123.0 31.0   
1159934033 81183.0 15350.0 2811.0 528.0 114.0 8.0 6.0  
1159935671 81354.0 15287.0 2743.0 500.0 105.0 10.0 1.0  
1159937309 80891.0 15562.0 2889.0 497.0 123.0 26.0 10.0 2.0 
1159938948 81387.0 15298.0 2753.0 469.0 82.0 10.0 0.0 1.0 
1159940586 81350.0 15385.0 2668.0 509.0 74.0 14.0   
1159942225 81202.0 15324.0 2881.0 507.0 75.0 11.0   
1159943863 80817.0 15648.0 2912.0 502.0 106.0 12.0 3.0  
1159945501 81164.0 15386.0 2820.0 536.0 84.0 9.0 1.0  
