 0 1 2 3 4 5 6 7 8 9
1159724317 82289.0 14684.0 2484.0 443.0 76.0 20.0 4.0   
1159725956 82355.0 14762.0 2369.0 430.0 72.0 9.0 1.0 2.0  
1159727594 82567.0 14523.0 2417.0 413.0 77.0 2.0 1.0   
1159729233 82643.0 14510.0 2331.0 432.0 65.0 12.0 5.0 2.0  
1159730871 82097.0 14740.0 2602.0 481.0 73.0 6.0 1.0   
1159732509 82806.0 14284.0 2380.0 409.0 111.0 8.0 2.0   
1159734148 82176.0 14815.0 2484.0 432.0 78.0 9.0 6.0   
1159735786 82367.0 14650.0 2430.0 444.0 99.0 9.0 1.0   
1159737425 15305.0 58550.0 19617.0 5090.0 1105.0 247.0 77.0 9.0  
1159739063 82744.0 14251.0 2508.0 430.0 55.0 10.0 2.0   
1159740701 81179.0 15380.0 2738.0 603.0 71.0 23.0 6.0   
1159742340 82380.0 14645.0 2455.0 439.0 72.0 8.0 1.0   
1159743978 82228.0 14548.0 2563.0 515.0 118.0 26.0 2.0   
1159745617 11042.0 61490.0 20865.0 5129.0 1141.0 266.0 49.0 16.0 1.0 1.0
1159747255 82366.0 14738.0 2390.0 418.0 68.0 17.0 3.0   
1159748893 82255.0 14765.0 2466.0 452.0 52.0 10.0    
1159750532 82294.0 14747.0 2457.0 423.0 64.0 15.0    
1159752170 81853.0 15052.0 2539.0 463.0 86.0 6.0 1.0   
1159753809 77998.0 17423.0 3692.0 720.0 139.0 23.0 5.0   
1159755447 82358.0 14640.0 2466.0 457.0 78.0 1.0    
1159757085 82130.0 14901.0 2454.0 441.0 67.0 6.0 1.0   
1159758724 82498.0 14462.0 2499.0 435.0 84.0 12.0 10.0   
1159760362 82258.0 14800.0 2429.0 429.0 73.0 11.0    
1159762001 73832.0 20011.0 4776.0 1090.0 212.0 65.0 12.0 2.0  
1159763639 82394.0 14662.0 2424.0 436.0 73.0 8.0 3.0   
1159765277 82302.0 14746.0 2429.0 438.0 79.0 6.0    
1159766916 82531.0 14588.0 2368.0 398.0 86.0 17.0 5.0 6.0 1.0 
1159768554 82091.0 15017.0 2363.0 468.0 49.0 10.0 2.0   
1159770193 82298.0 14720.0 2470.0 449.0 59.0 4.0    
1159771831 82118.0 14883.0 2491.0 412.0 88.0 7.0 1.0   
1159773469 82467.0 14558.0 2419.0 467.0 75.0 11.0 2.0 1.0  
1159775108 82123.0 14798.0 2533.0 466.0 67.0 9.0 4.0   
1159776746 82107.0 14746.0 2552.0 499.0 88.0 8.0    
1159778385 82700.0 14434.0 2372.0 409.0 72.0 12.0 1.0   
1159780023 81747.0 15084.0 2634.0 449.0 80.0 5.0 1.0   
1159781661 82075.0 14856.0 2570.0 424.0 59.0 13.0 2.0 1.0  
1159783300 82794.0 14387.0 2339.0 405.0 70.0 5.0    
1159784938 82269.0 14790.0 2396.0 452.0 87.0 5.0 1.0   
1159786577 82257.0 14914.0 2374.0 400.0 50.0 5.0    
1159788215 82449.0 14583.0 2430.0 440.0 78.0 17.0 2.0 1.0  
1159789853 82274.0 14786.0 2399.0 450.0 85.0 5.0 1.0   
1159791492 82342.0 14588.0 2467.0 490.0 98.0 13.0 2.0   
1159793130 82579.0 14609.0 2270.0 441.0 87.0 12.0 2.0   
1159794769 81944.0 14857.0 2602.0 496.0 89.0 12.0    
1159796407 82663.0 14572.0 2355.0 355.0 51.0 4.0    
1159798045 82461.0 14557.0 2429.0 453.0 84.0 12.0 3.0 1.0  
1159799684 82004.0 14952.0 2500.0 448.0 84.0 10.0 2.0   
1159801322 82422.0 14539.0 2462.0 487.0 67.0 12.0 8.0 2.0 1.0 
1159802961 82427.0 14549.0 2446.0 480.0 79.0 10.0 3.0 6.0  
1159804599 81592.0 15016.0 2800.0 496.0 86.0 10.0    
1159806237 80580.0 15824.0 2965.0 523.0 95.0 13.0    
1159807876 81271.0 15225.0 2963.0 490.0 41.0 10.0    
1159809514 81876.0 14948.0 2601.0 493.0 68.0 13.0 1.0   
1159811153 82283.0 14794.0 2436.0 397.0 72.0 16.0 2.0   
1159812791 80238.0 16205.0 2997.0 468.0 73.0 19.0    
1159814429 82382.0 14696.0 2455.0 409.0 54.0 4.0    
1159816068 82644.0 14462.0 2417.0 408.0 62.0 6.0 1.0   
1159817706 82207.0 14786.0 2526.0 404.0 70.0 7.0    
1159819345 82593.0 14448.0 2472.0 405.0 66.0 16.0    
1159820983 82445.0 14744.0 2303.0 418.0 74.0 14.0 2.0   
1159822621 81013.0 15426.0 2825.0 630.0 94.0 8.0 4.0   
1159824260 82243.0 14759.0 2494.0 425.0 65.0 14.0    
1159825898 82454.0 14570.0 2417.0 476.0 69.0 10.0 2.0 2.0  
1159827537 82344.0 14711.0 2489.0 378.0 66.0 11.0 1.0   
1159829175 82360.0 14598.0 2400.0 509.0 106.0 22.0 5.0   
1159830813 82130.0 14756.0 2579.0 441.0 88.0 6.0    
1159832452 82525.0 14556.0 2426.0 402.0 78.0 12.0 1.0   
1159834090 82074.0 14958.0 2457.0 443.0 61.0 7.0    
1159835729 76708.0 18370.0 3936.0 838.0 132.0 14.0 2.0   
1159837367 80979.0 15711.0 2780.0 435.0 83.0 11.0 1.0   
1159839005 82454.0 14480.0 2534.0 454.0 59.0 12.0 5.0 1.0 1.0 
1159840644 82038.0 14838.0 2546.0 477.0 82.0 18.0 1.0   
1159842282 82647.0 14469.0 2404.0 391.0 77.0 9.0 3.0   
1159843921 82451.0 14615.0 2451.0 389.0 71.0 15.0 7.0 1.0  
1159845559 82055.0 14922.0 2501.0 450.0 59.0 13.0    
1159847197 82013.0 15044.0 2457.0 370.0 103.0 13.0    
1159848836 81925.0 14829.0 2653.0 494.0 76.0 13.0 5.0 3.0 2.0 
1159850474 81604.0 15148.0 2670.0 486.0 82.0 10.0    
1159852113 82335.0 14795.0 2362.0 411.0 83.0 14.0    
1159853751 82495.0 14475.0 2486.0 450.0 75.0 18.0 1.0   
1159855389 81788.0 14952.0 2655.0 510.0 80.0 14.0 1.0   
1159857028 75280.0 19445.0 4278.0 854.0 119.0 16.0 8.0   
1159858666 82179.0 14837.0 2536.0 375.0 59.0 10.0 3.0 1.0  
1159860305 82299.0 14687.0 2545.0 403.0 62.0 4.0    
1159861943 82079.0 14833.0 2504.0 475.0 87.0 20.0 2.0   
1159863581 80957.0 15631.0 2796.0 518.0 81.0 13.0 4.0   
1159865220 82508.0 14403.0 2551.0 418.0 94.0 26.0    
1159866858 82072.0 14869.0 2616.0 373.0 62.0 8.0    
1159868497 82934.0 14361.0 2276.0 351.0 62.0 16.0    
1159870135 82441.0 14610.0 2402.0 464.0 64.0 16.0 1.0 0.0 2.0 
1159871773 82532.0 14572.0 2408.0 431.0 42.0 5.0 3.0 4.0 1.0 2.0
1159873412 82538.0 14553.0 2425.0 397.0 70.0 14.0 3.0   
1159875050 82462.0 14581.0 2429.0 432.0 84.0 9.0 2.0 0.0 1.0 
1159876689 82533.0 14553.0 2327.0 491.0 88.0 6.0 2.0   
1159878327 82472.0 14630.0 2423.0 424.0 34.0 15.0 2.0   
1159879965 82527.0 14550.0 2433.0 392.0 91.0 5.0 1.0 1.0  
1159881604 82438.0 14654.0 2377.0 452.0 69.0 8.0 2.0   
1159883242 81942.0 14969.0 2594.0 435.0 58.0 2.0    
1159884881 82020.0 14866.0 2562.0 454.0 88.0 9.0 1.0   
1159886519 82423.0 14792.0 2337.0 389.0 49.0 10.0    
1159888157 79860.0 16443.0 2952.0 602.0 117.0 23.0 3.0   
1159889796 81999.0 15001.0 2422.0 448.0 118.0 12.0    
1159891434 82031.0 15032.0 2500.0 373.0 61.0 3.0    
1159893073 81889.0 15078.0 2546.0 409.0 67.0 11.0    
1159894711 82091.0 14759.0 2568.0 474.0 86.0 15.0 4.0 3.0  
1159896349 81231.0 15405.0 2697.0 537.0 108.0 20.0 2.0   
1159897988 82455.0 14570.0 2489.0 423.0 52.0 9.0 2.0   
1159899626 79369.0 16700.0 3219.0 571.0 123.0 14.0 4.0   
1159901265 81756.0 14906.0 2687.0 506.0 120.0 13.0 6.0 6.0  
1159902903 82517.0 14399.0 2520.0 477.0 69.0 14.0 4.0   
1159904541 82238.0 14567.0 2560.0 539.0 84.0 10.0 1.0 1.0  
1159906180 81338.0 15400.0 2716.0 473.0 61.0 10.0 2.0   
1159907818 82695.0 14515.0 2299.0 401.0 78.0 12.0    
1159909457 82392.0 14558.0 2510.0 450.0 67.0 22.0 1.0   
1159911095 82272.0 14766.0 2417.0 453.0 84.0 6.0 2.0   
1159912733 82393.0 14647.0 2446.0 445.0 57.0 12.0    
1159914372 74197.0 19937.0 4675.0 984.0 172.0 22.0 11.0 2.0  
1159916010 82418.0 14604.0 2446.0 425.0 82.0 15.0 10.0   
1159917649 82426.0 14650.0 2410.0 430.0 69.0 11.0 4.0   
1159919287 82457.0 14553.0 2399.0 501.0 81.0 9.0    
1159920925 82686.0 14530.0 2281.0 406.0 81.0 16.0    
1159922564 82215.0 14763.0 2552.0 367.0 81.0 21.0 1.0   
1159924202 82233.0 14726.0 2547.0 394.0 85.0 13.0 2.0   
1159925841 82022.0 14856.0 2547.0 472.0 66.0 18.0 8.0 6.0 3.0 2.0
1159927479 81431.0 15226.0 2704.0 530.0 93.0 14.0 2.0   
1159929117 81961.0 15028.0 2543.0 389.0 66.0 9.0 4.0   
1159930756 82395.0 14721.0 2396.0 385.0 85.0 15.0 3.0   
1159932394 82209.0 14670.0 2555.0 445.0 102.0 18.0 1.0   
1159934033 82070.0 14968.0 2509.0 380.0 66.0 7.0    
1159935671 81982.0 15006.0 2489.0 425.0 76.0 18.0 4.0   
1159937309 82760.0 14497.0 2249.0 412.0 68.0 13.0 1.0   
1159938948 82358.0 14558.0 2464.0 508.0 94.0 17.0 1.0   
1159940586 81752.0 15151.0 2628.0 393.0 70.0 6.0    
1159942225 82283.0 14569.0 2580.0 484.0 72.0 8.0 4.0   
1159943863 79989.0 15935.0 3214.0 713.0 121.0 23.0 5.0   
1159945501 81571.0 15243.0 2692.0 423.0 51.0 19.0 1.0   
