 0 1 2 3 4 5 6 7 8
1159724317 81364.0 15301.0 2738.0 480.0 102.0 14.0 1.0  
1159725956 80998.0 15626.0 2778.0 515.0 75.0 8.0   
1159727594 81441.0 15449.0 2559.0 432.0 105.0 13.0 1.0  
1159729233 81403.0 15227.0 2822.0 465.0 77.0 6.0   
1159730871 81296.0 15391.0 2736.0 478.0 88.0 11.0   
1159732509 81114.0 15543.0 2772.0 479.0 71.0 20.0 1.0  
1159734148 81047.0 15597.0 2734.0 533.0 81.0 6.0 2.0  
1159735786 81171.0 15483.0 2736.0 533.0 68.0 9.0   
1159737425 81428.0 15286.0 2705.0 478.0 87.0 13.0 3.0  
1159739063 81394.0 15221.0 2785.0 496.0 91.0 12.0 1.0  
1159740701 80973.0 15612.0 2730.0 548.0 102.0 26.0 9.0  
1159742340 81090.0 15556.0 2792.0 497.0 58.0 5.0 2.0  
1159743978 81367.0 15303.0 2686.0 517.0 114.0 9.0 3.0 1.0 
1159745617 80969.0 15501.0 2918.0 491.0 96.0 22.0 3.0  
1159747255 81254.0 15480.0 2692.0 480.0 89.0 5.0   
1159748893 81346.0 15491.0 2578.0 488.0 89.0 6.0 2.0  
1159750532 81009.0 15508.0 2877.0 516.0 83.0 6.0 1.0  
1159752170 81053.0 15544.0 2852.0 440.0 101.0 10.0   
1159753809 80712.0 15704.0 2973.0 519.0 88.0 4.0   
1159755447 80910.0 15678.0 2857.0 455.0 87.0 13.0   
1159757085 81297.0 15323.0 2759.0 506.0 98.0 17.0   
1159758724 81347.0 15371.0 2710.0 446.0 117.0 9.0   
1159760362 81481.0 15215.0 2660.0 543.0 91.0 9.0 1.0  
1159762001 81115.0 15488.0 2726.0 547.0 100.0 22.0 2.0  
1159763639 81311.0 15402.0 2707.0 484.0 88.0 8.0   
1159765277 81711.0 14999.0 2729.0 466.0 83.0 7.0 5.0  
1159766916 81151.0 15391.0 2829.0 527.0 97.0 5.0   
1159768554 81101.0 15453.0 2803.0 527.0 103.0 10.0 3.0  
1159770193 80972.0 15454.0 2874.0 551.0 135.0 9.0 5.0  
1159771831 81058.0 15506.0 2839.0 508.0 78.0 10.0 1.0  
1159773469 79774.0 16319.0 3185.0 598.0 99.0 24.0 1.0  
1159775108 81279.0 15405.0 2741.0 479.0 80.0 15.0 1.0  
1159776746 80797.0 15782.0 2833.0 487.0 96.0 5.0   
1159778385 81438.0 15414.0 2596.0 450.0 86.0 16.0   
1159780023 81385.0 15370.0 2734.0 434.0 68.0 9.0   
1159781661 81153.0 15487.0 2801.0 461.0 80.0 13.0 4.0 1.0 
1159783300 81048.0 15485.0 2889.0 477.0 97.0 2.0 2.0  
1159784938 81102.0 15451.0 2904.0 444.0 69.0 24.0 6.0  
1159786577 81431.0 15409.0 2625.0 442.0 89.0 3.0 1.0  
1159788215 81020.0 15550.0 2874.0 470.0 81.0 5.0   
1159789853 81365.0 15255.0 2783.0 493.0 98.0 6.0   
1159791492 81332.0 15302.0 2831.0 445.0 81.0 9.0   
1159793130 81161.0 15375.0 2755.0 565.0 122.0 21.0 1.0  
1159794769 80898.0 15624.0 2807.0 555.0 99.0 15.0 2.0  
1159796407 81503.0 15154.0 2738.0 486.0 103.0 15.0 1.0  
1159798045 81583.0 15228.0 2671.0 431.0 80.0 6.0 1.0  
1159799684 81207.0 15345.0 2827.0 475.0 120.0 26.0   
1159801322 81209.0 15424.0 2747.0 490.0 103.0 24.0 3.0  
1159802961 81299.0 15262.0 2758.0 535.0 127.0 15.0 4.0  
1159804599 81269.0 15401.0 2782.0 446.0 82.0 20.0   
1159806237 81069.0 15613.0 2762.0 485.0 68.0 3.0   
1159807876 81500.0 15005.0 2861.0 543.0 81.0 6.0 4.0  
1159809514 80845.0 15578.0 2972.0 507.0 83.0 14.0 1.0  
1159811153 80815.0 15671.0 2837.0 544.0 108.0 22.0 3.0  
1159812791 81039.0 15461.0 2847.0 542.0 96.0 12.0 3.0  
1159814429 81437.0 15183.0 2758.0 525.0 82.0 12.0 3.0  
1159816068 81194.0 15297.0 2816.0 578.0 101.0 12.0 2.0  
1159817706 81103.0 15462.0 2828.0 511.0 86.0 10.0   
1159819345 81266.0 15364.0 2786.0 484.0 94.0 5.0 1.0  
1159820983 81081.0 15537.0 2752.0 523.0 93.0 9.0 5.0  
1159822621 81403.0 15389.0 2635.0 446.0 113.0 14.0   
1159824260 80436.0 15878.0 2977.0 593.0 105.0 10.0 0.0 1.0 
1159825898 81496.0 15201.0 2659.0 538.0 95.0 10.0 1.0  
1159827537 81453.0 15165.0 2807.0 477.0 86.0 11.0 1.0  
1159829175 81242.0 15393.0 2810.0 459.0 89.0 7.0   
1159830813 81240.0 15391.0 2808.0 467.0 86.0 7.0 1.0  
1159832452 81336.0 15352.0 2640.0 551.0 103.0 16.0 2.0  
1159834090 81092.0 15508.0 2848.0 471.0 78.0 3.0   
1159835729 81365.0 15234.0 2780.0 490.0 111.0 20.0   
1159837367 81129.0 15532.0 2764.0 468.0 88.0 18.0 1.0  
1159839005 81113.0 15435.0 2829.0 531.0 79.0 11.0 2.0  
1159840644 81155.0 15493.0 2715.0 523.0 91.0 20.0 3.0  
1159842282 81702.0 15159.0 2598.0 451.0 77.0 13.0   
1159843921 81289.0 15352.0 2791.0 485.0 80.0 3.0   
1159845559 81225.0 15499.0 2691.0 493.0 80.0 9.0 3.0  
1159847197 81136.0 15556.0 2787.0 432.0 73.0 16.0   
1159848836 81014.0 15661.0 2759.0 460.0 99.0 7.0   
1159850474 81446.0 15357.0 2715.0 390.0 85.0 7.0   
1159852113 81655.0 15015.0 2753.0 481.0 80.0 16.0   
1159853751 80696.0 15921.0 2808.0 471.0 80.0 23.0 1.0  
1159855389 80983.0 15499.0 2913.0 522.0 79.0 4.0   
1159857028 81506.0 15345.0 2660.0 424.0 56.0 9.0   
1159858666 80702.0 15907.0 2787.0 499.0 95.0 10.0   
1159860305 81079.0 15345.0 2904.0 541.0 105.0 24.0 2.0  
1159861943 81515.0 15306.0 2589.0 474.0 94.0 19.0 2.0 1.0 
1159863581 81401.0 15254.0 2736.0 480.0 102.0 20.0 7.0  
1159865220 81453.0 15162.0 2758.0 514.0 96.0 17.0   
1159866858 81121.0 15544.0 2729.0 483.0 107.0 16.0   
1159868497 81431.0 15356.0 2651.0 468.0 86.0 8.0   
1159870135 80768.0 15670.0 2925.0 542.0 82.0 13.0   
1159871773 80901.0 15394.0 3092.0 522.0 86.0 5.0   
1159873412 81236.0 15340.0 2770.0 553.0 94.0 7.0   
1159875050 81463.0 15328.0 2669.0 431.0 96.0 10.0 1.0 2.0 
1159876689 81681.0 15051.0 2692.0 423.0 125.0 26.0 2.0  
1159878327 81295.0 15366.0 2765.0 470.0 95.0 9.0   
1159879965 81623.0 15091.0 2689.0 503.0 85.0 9.0   
1159881604 81217.0 15421.0 2810.0 442.0 101.0 9.0   
1159883242 81232.0 15535.0 2682.0 453.0 79.0 19.0   
1159884881 81189.0 15330.0 2793.0 581.0 90.0 17.0   
1159886519 81344.0 15334.0 2730.0 471.0 102.0 18.0 1.0  
1159888157 81411.0 15454.0 2600.0 421.0 100.0 11.0 3.0  
1159889796 81198.0 15532.0 2690.0 461.0 109.0 10.0   
1159891434 81179.0 15460.0 2764.0 503.0 83.0 8.0 3.0  
1159893073 81400.0 15314.0 2738.0 456.0 81.0 11.0   
1159894711 81144.0 15415.0 2934.0 432.0 66.0 8.0 1.0  
1159896349 81080.0 15578.0 2717.0 517.0 92.0 15.0 1.0  
1159897988 80759.0 15702.0 2818.0 592.0 105.0 23.0 1.0  
1159899626 81330.0 15197.0 2860.0 498.0 104.0 11.0   
1159901265 81227.0 15384.0 2750.0 524.0 79.0 27.0 4.0 4.0 1.0
1159902903 80406.0 16022.0 2966.0 496.0 94.0 14.0 2.0  
1159904541 80999.0 15575.0 2780.0 549.0 88.0 9.0   
1159906180 81544.0 15167.0 2696.0 463.0 112.0 18.0   
1159907818 81097.0 15415.0 2857.0 513.0 95.0 18.0 5.0  
1159909457 80810.0 15619.0 2882.0 577.0 106.0 3.0 3.0  
1159911095 80952.0 15708.0 2707.0 485.0 118.0 28.0 2.0  
1159912733 81239.0 15179.0 2874.0 568.0 117.0 21.0 2.0  
1159914372 81324.0 15362.0 2735.0 466.0 99.0 14.0   
1159916010 81056.0 15493.0 2771.0 541.0 113.0 21.0 4.0 1.0 
1159917649 80877.0 15573.0 2909.0 512.0 105.0 19.0 5.0  
1159919287 81135.0 15414.0 2851.0 508.0 79.0 10.0 3.0  
1159920925 80944.0 15528.0 2903.0 521.0 92.0 11.0 1.0  
1159922564 80855.0 15611.0 2863.0 530.0 131.0 10.0   
1159924202 80808.0 15662.0 2962.0 463.0 95.0 8.0 2.0  
1159925841 81236.0 15401.0 2756.0 488.0 104.0 12.0 3.0  
1159927479 81052.0 15619.0 2698.0 510.0 99.0 20.0 1.0 1.0 
1159929117 80677.0 15678.0 2982.0 541.0 109.0 13.0   
1159930756 81164.0 15440.0 2848.0 477.0 66.0 5.0   
1159932394 81362.0 15491.0 2620.0 438.0 82.0 6.0 1.0  
1159934033 81521.0 15148.0 2716.0 480.0 119.0 14.0 2.0  
1159935671 81373.0 15172.0 2704.0 619.0 123.0 9.0   
1159937309 81519.0 15189.0 2685.0 482.0 108.0 15.0 2.0  
1159938948 81194.0 15272.0 2934.0 505.0 77.0 14.0 2.0 2.0 
1159940586 80891.0 15670.0 2841.0 492.0 96.0 9.0 1.0  
1159942225 81213.0 15494.0 2726.0 483.0 68.0 16.0   
1159943863 81528.0 15164.0 2733.0 447.0 120.0 7.0 1.0  
1159945501 81238.0 15454.0 2670.0 532.0 97.0 9.0   
