 0 1 2 3 4 5 6 7 8 9
1176820755 45308.0 38619.0 12120.0 3101.0 707.0 100.0 35.0 8.0 2.0 
1176822393 0.0 67786.0 24146.0 6307.0 1419.0 259.0 53.0 17.0 10.0 3.0
1176824031 10710.0 61291.0 20984.0 5440.0 1208.0 270.0 75.0 17.0 3.0 2.0
1176825670 82419.0 14546.0 2447.0 466.0 108.0 9.0 4.0 1.0  
1176827308 93.0 67652.0 23787.0 6354.0 1644.0 343.0 91.0 26.0 7.0 3.0
1176828947 32276.0 45934.0 16222.0 4253.0 1036.0 230.0 47.0 1.0 1.0 
1176830585 507.0 67635.0 23940.0 6066.0 1480.0 286.0 55.0 15.0 12.0 4.0
1176832223 82255.0 14786.0 2455.0 399.0 93.0 12.0    
1176833862 57900.0 30174.0 8915.0 2220.0 591.0 135.0 44.0 19.0 2.0 
1176835500 81811.0 15162.0 2471.0 474.0 68.0 12.0 2.0   
1176837139 61895.0 26529.0 8259.0 2370.0 694.0 195.0 44.0 12.0 2.0 
1176838777 71976.0 21041.0 5369.0 1272.0 270.0 55.0 17.0   
1176840415 80218.0 16103.0 2975.0 570.0 93.0 28.0 6.0 6.0 1.0 
1176842054 82212.0 14834.0 2475.0 391.0 68.0 14.0 3.0 3.0  
1176843692 81546.0 15216.0 2666.0 492.0 68.0 12.0    
1176845331 1159.0 67091.0 23975.0 5927.0 1450.0 302.0 65.0 16.0 10.0 5.0
1176846969 2109.0 64774.0 24367.0 6627.0 1655.0 385.0 74.0 7.0 2.0 
1176848607 14955.0 58280.0 20166.0 5176.0 1139.0 220.0 45.0 10.0 5.0 4.0
1176850246 0.0 67207.0 24522.0 6286.0 1540.0 355.0 66.0 19.0 5.0 
1176851884 0.0 52857.0 30847.0 11531.0 3630.0 865.0 198.0 49.0 11.0 12.0
1176853523 82306.0 14826.0 2341.0 444.0 73.0 7.0 1.0 1.0 1.0 
1176855161 2.0 67939.0 24090.0 6142.0 1450.0 279.0 82.0 12.0 4.0 
1176856799 81209.0 15434.0 2765.0 480.0 94.0 16.0 2.0   
1176858438 76289.0 18682.0 3977.0 867.0 143.0 34.0 8.0   
1176860076 80940.0 15715.0 2770.0 465.0 90.0 15.0 5.0   
1176861715 79526.0 16430.0 3210.0 639.0 149.0 35.0 6.0 2.0 3.0 
1176863353 75891.0 18794.0 4204.0 902.0 184.0 23.0 2.0   
1176864991 78334.0 17210.0 3582.0 748.0 112.0 13.0 1.0   
1176866630 19584.0 55229.0 19238.0 4667.0 1033.0 193.0 47.0 9.0  
1176868268 68547.0 23665.0 5930.0 1437.0 323.0 78.0 19.0 1.0  
1176869907 14741.0 53995.0 22327.0 6621.0 1794.0 409.0 83.0 25.0 4.0 1.0
1176871545 1182.0 67308.0 23505.0 6132.0 1524.0 284.0 51.0 11.0 2.0 1.0
1176873183 82184.0 14751.0 2529.0 432.0 79.0 19.0 6.0   
1176874822 81736.0 14890.0 2750.0 503.0 105.0 12.0 3.0 1.0  
1176876460 82080.0 14824.0 2499.0 508.0 77.0 12.0    
1176878099 42829.0 39446.0 13190.0 3446.0 841.0 218.0 28.0 2.0  
1176879737 74064.0 20182.0 4618.0 908.0 179.0 36.0 12.0 1.0  
1176881375 0.0 67618.0 24392.0 6198.0 1370.0 300.0 85.0 23.0 11.0 3.0
1176883014 76164.0 18438.0 4314.0 897.0 174.0 9.0 4.0   
1176884652 81583.0 15074.0 2687.0 513.0 122.0 17.0 4.0   
1176886291 4037.0 63464.0 23799.0 6566.0 1623.0 406.0 92.0 11.0 2.0 
1176887929 82270.0 14789.0 2454.0 409.0 74.0 4.0    
1176889567 79686.0 16508.0 3062.0 598.0 117.0 25.0 3.0 1.0  
1176891206 37.0 67874.0 24054.0 6250.0 1430.0 282.0 49.0 13.0 7.0 4.0
1176892844 20502.0 23513.0 33963.0 15123.0 5053.0 1332.0 395.0 95.0 11.0 13.0
1176894483 3024.0 65604.0 23530.0 6025.0 1441.0 306.0 54.0 14.0 2.0 
1176896121 82682.0 14487.0 2343.0 418.0 60.0 8.0 2.0   
1176897759 0.0 61316.0 27489.0 8369.0 2150.0 504.0 143.0 22.0 6.0 1.0
1176899398 37274.0 41044.0 15525.0 4667.0 1186.0 248.0 47.0 9.0  
1176901036 15915.0 55384.0 21017.0 5807.0 1440.0 323.0 89.0 19.0 5.0 1.0
1176902675 80016.0 16161.0 3013.0 639.0 151.0 20.0    
1176904313 77296.0 17970.0 3770.0 763.0 151.0 37.0 13.0   
1176905951 35.0 15454.0 50088.0 23453.0 7993.0 2221.0 514.0 157.0 65.0 20.0
1176907590 47715.0 16473.0 21286.0 9953.0 3212.0 946.0 293.0 108.0 12.0 2.0
1176909228          
1176910428 11891.0 59976.0 20981.0 5483.0 1306.0 275.0 66.0 17.0 4.0 1.0
1176912067 3.0 6207.0 53431.0 27372.0 9304.0 2707.0 714.0 189.0 49.0 24.0
1176913705 82003.0 14943.0 2462.0 503.0 69.0 20.0    
1176915344 77459.0 17711.0 3893.0 756.0 151.0 24.0 5.0 1.0  
1176916982 0.0 68644.0 23564.0 5997.0 1401.0 287.0 68.0 31.0 7.0 1.0
1176918620 81962.0 14767.0 2652.0 488.0 107.0 18.0 6.0   
1176920259 11.0 66738.0 24471.0 6597.0 1679.0 388.0 91.0 18.0 5.0 2.0
1176921897 82120.0 14636.0 2660.0 482.0 84.0 12.0 6.0   
1176923536 32859.0 39021.0 19149.0 6517.0 1854.0 469.0 113.0 17.0 1.0 
1176925174 82233.0 14551.0 2617.0 499.0 83.0 13.0 4.0   
1176926812 347.0 67739.0 24113.0 5883.0 1504.0 304.0 89.0 12.0 4.0 5.0
1176928451 46102.0 38274.0 11996.0 2834.0 623.0 143.0 27.0 1.0  
1176930089 40327.0 41694.0 13441.0 3469.0 832.0 188.0 41.0 8.0  
1176931728 82312.0 14774.0 2452.0 371.0 70.0 16.0 5.0   
1176933366 80988.0 15656.0 2653.0 513.0 127.0 47.0 12.0 2.0 2.0 
1176935004 0.0 59637.0 28185.0 8877.0 2552.0 614.0 111.0 20.0 3.0 1.0
1176936643 21070.0 14086.0 37639.0 17973.0 6537.0 1959.0 492.0 201.0 35.0 8.0
1176938281 2706.0 66734.0 23058.0 5842.0 1335.0 260.0 50.0 10.0 4.0 1.0
1176939920 81875.0 14904.0 2619.0 486.0 86.0 12.0 14.0 3.0 1.0 
1176941558 82124.0 14812.0 2495.0 455.0 94.0 13.0 7.0   
1176943196 17471.0 55546.0 19914.0 5347.0 1323.0 312.0 61.0 14.0 8.0 4.0
1176944835 67952.0 23849.0 6351.0 1391.0 308.0 119.0 20.0 7.0 3.0 
1176946473 81883.0 15009.0 2572.0 426.0 85.0 17.0 8.0   
1176948112 79555.0 16613.0 3092.0 610.0 107.0 18.0 1.0 1.0 3.0 
1176949750 40734.0 40969.0 13579.0 3674.0 796.0 197.0 48.0 3.0  
1176951388 80413.0 15870.0 3013.0 570.0 104.0 20.0 8.0 1.0 1.0 
1176953027 82087.0 14822.0 2468.0 477.0 103.0 31.0 11.0 1.0  
1176954665 8611.0 55979.0 25217.0 7634.0 2001.0 446.0 74.0 31.0 7.0 
1176956304 82434.0 14675.0 2417.0 399.0 70.0 5.0    
1176957942 76190.0 18546.0 4023.0 960.0 223.0 47.0 11.0   
1176959580 0.0 60922.0 27292.0 8629.0 2355.0 597.0 135.0 47.0 21.0 2.0
1176961219 7001.0 61715.0 23185.0 6077.0 1543.0 393.0 67.0 15.0 4.0 
1176962857 0.0 3381.0 32739.0 35176.0 18492.0 7190.0 2235.0 645.0 112.0 30.0
1176964496 36697.0 42844.0 15127.0 4145.0 950.0 177.0 55.0 2.0 3.0 
1176966134 50537.0 35161.0 10957.0 2583.0 597.0 114.0 34.0 12.0 4.0 1.0
1176967772 0.0 68458.0 24013.0 5737.0 1394.0 300.0 86.0 12.0  
1176969411 77928.0 15530.0 4366.0 1486.0 508.0 144.0 37.0 1.0  
1176971049 80982.0 15621.0 2716.0 506.0 127.0 31.0 8.0 6.0 2.0 1.0
1176972688 32.0 67538.0 24423.0 6287.0 1363.0 266.0 52.0 24.0 10.0 5.0
1176974326 56.0 67132.0 24578.0 6372.0 1390.0 308.0 108.0 28.0 19.0 9.0
1176975964 81911.0 14968.0 2567.0 458.0 81.0 15.0    
1176977603 12650.0 59322.0 21123.0 5311.0 1235.0 285.0 60.0 10.0 3.0 1.0
1176979241 10422.0 60637.0 21457.0 5705.0 1441.0 259.0 61.0 10.0 5.0 3.0
1176980880 82430.0 14632.0 2387.0 417.0 97.0 31.0 6.0   
1176982518 1.0 4067.0 52003.0 28749.0 10728.0 3307.0 891.0 191.0 53.0 10.0
1176984156 66085.0 23722.0 7452.0 1974.0 588.0 105.0 58.0 16.0  
1176985795 1.0 68370.0 23706.0 6074.0 1479.0 310.0 57.0 1.0 2.0 
1176987433 81343.0 15273.0 2743.0 525.0 97.0 16.0 2.0 1.0  
1176989072 81620.0 15194.0 2581.0 492.0 101.0 12.0    
1176990710 81291.0 15209.0 2817.0 551.0 107.0 23.0 2.0   
1176992348 284.0 67545.0 23951.0 6444.0 1422.0 271.0 61.0 14.0 4.0 4.0
1176993987 82628.0 14273.0 2564.0 441.0 77.0 10.0 6.0 1.0  
1176995625 82546.0 14350.0 2519.0 487.0 72.0 17.0 9.0   
1176997264 82271.0 14644.0 2504.0 465.0 88.0 25.0 3.0   
1176998902 7818.0 60746.0 23059.0 6517.0 1472.0 322.0 40.0 19.0 3.0 4.0
1177000540 81388.0 15200.0 2778.0 530.0 86.0 17.0 1.0   
1177002179 23356.0 46019.0 21485.0 6702.0 1954.0 384.0 90.0 10.0  
1177003817 81303.0 15339.0 2635.0 570.0 143.0 8.0 2.0   
1177005456 18.0 67445.0 24181.0 6453.0 1524.0 300.0 55.0 17.0 6.0 1.0
1177007094 82065.0 14925.0 2494.0 433.0 55.0 13.0 10.0 3.0 2.0 
1177008732          
1177009932 81630.0 15182.0 2595.0 473.0 109.0 9.0 2.0   
1177011571 81317.0 15362.0 2650.0 551.0 107.0 11.0 2.0   
1177013209 71835.0 21455.0 5347.0 1148.0 175.0 24.0 11.0 5.0  
1177014848 60.0 67163.0 24074.0 6559.0 1671.0 346.0 74.0 21.0 16.0 16.0
1177016486 11098.0 49325.0 26872.0 9062.0 2777.0 680.0 161.0 17.0 8.0 
1177018124 20.0 66876.0 24279.0 6799.0 1619.0 315.0 78.0 12.0 2.0 
1177019763 12177.0 8132.0 45624.0 22996.0 8123.0 2220.0 560.0 128.0 29.0 11.0
1177021401 24.0 68361.0 23487.0 6271.0 1437.0 322.0 79.0 13.0 4.0 2.0
1177023040 755.0 64451.0 25182.0 7106.0 1912.0 422.0 120.0 34.0 8.0 10.0
1177024678 82304.0 14896.0 2318.0 391.0 78.0 10.0 3.0   
1177026316 72229.0 21041.0 5190.0 1241.0 238.0 51.0 9.0 1.0  
1177027955 82290.0 14673.0 2457.0 468.0 85.0 21.0 5.0 1.0  
1177029593 82452.0 14659.0 2413.0 413.0 55.0 8.0    
1177031232 0.0 65571.0 25188.0 6945.0 1715.0 398.0 138.0 30.0 15.0 
1177032870 33292.0 36132.0 20352.0 7268.0 2213.0 574.0 138.0 24.0 7.0 
1177034508 81213.0 15326.0 2674.0 573.0 164.0 25.0 16.0 9.0  
1177036147 1621.0 66742.0 23806.0 5991.0 1420.0 305.0 78.0 17.0 20.0 
1177037785 23068.0 52654.0 18198.0 4569.0 1142.0 278.0 61.0 25.0 5.0 
1177039424 81760.0 15120.0 2590.0 435.0 60.0 23.0 8.0 4.0  
1177041062 24.0 66343.0 24845.0 6680.0 1597.0 363.0 118.0 24.0 6.0 
1177042700 49698.0 35571.0 11137.0 2729.0 683.0 149.0 23.0 7.0 2.0 1.0
1177044339 0.0 66616.0 24686.0 6655.0 1586.0 349.0 78.0 20.0 8.0 2.0
1177045977 74521.0 19681.0 4373.0 1063.0 298.0 44.0 20.0   
1177047616 92.0 64839.0 25164.0 7362.0 1991.0 421.0 106.0 20.0 5.0 
1177049254 81958.0 14905.0 2485.0 517.0 108.0 21.0 6.0   
1177050892 0.0 200.0 56168.0 29521.0 10066.0 2941.0 803.0 207.0 75.0 19.0
1177052531 80828.0 15603.0 2834.0 566.0 128.0 30.0 9.0 2.0  
1177054169 8.0 38406.0 38257.0 16230.0 5116.0 1419.0 390.0 119.0 45.0 10.0
