 0 1 2 3 4 5 6 7 8 9
1176820755 79393.0 16569.0 3166.0 720.0 118.0 33.0 0.0 1.0  
1176822393 81793.0 15065.0 2545.0 499.0 86.0 11.0 1.0   
1176824031 81272.0 15321.0 2788.0 514.0 98.0 7.0    
1176825670 82289.0 14665.0 2455.0 478.0 91.0 16.0 5.0 1.0  
1176827308 78672.0 17143.0 3348.0 647.0 162.0 27.0 1.0   
1176828947 82033.0 14885.0 2585.0 445.0 47.0 5.0    
1176830585 76632.0 18551.0 3931.0 727.0 137.0 21.0 1.0   
1176832223 81557.0 15154.0 2695.0 483.0 95.0 15.0 1.0   
1176833862 512.0 67490.0 23993.0 6118.0 1466.0 300.0 85.0 28.0 7.0 1.0
1176835500 0.0 66596.0 24546.0 6686.0 1705.0 348.0 88.0 18.0 8.0 5.0
1176837139 81680.0 15120.0 2591.0 506.0 82.0 12.0 9.0   
1176838777 82001.0 14881.0 2555.0 453.0 88.0 18.0 4.0   
1176840415 2949.0 61811.0 25241.0 7409.0 2029.0 449.0 79.0 20.0 9.0 4.0
1176842054 73355.0 20454.0 4873.0 1009.0 212.0 79.0 13.0 4.0 1.0 
1176843692 82425.0 14743.0 2348.0 407.0 62.0 9.0 5.0 1.0  
1176845331 82252.0 14630.0 2476.0 490.0 117.0 19.0 12.0 3.0 1.0 
1176846969 81049.0 15491.0 2857.0 504.0 85.0 11.0 3.0   
1176848607 20046.0 54132.0 18926.0 5135.0 1338.0 331.0 71.0 21.0  
1176850246 82305.0 14730.0 2421.0 472.0 58.0 14.0    
1176851884 81183.0 15510.0 2722.0 480.0 84.0 12.0 3.0 4.0 1.0 1.0
1176853523 82404.0 14666.0 2459.0 407.0 50.0 9.0 5.0   
1176855161 81792.0 15058.0 2659.0 407.0 72.0 10.0 1.0 1.0  
1176856799 81548.0 15196.0 2624.0 514.0 84.0 24.0 10.0   
1176858438 82012.0 14925.0 2566.0 418.0 73.0 6.0    
1176860076 81214.0 15175.0 2896.0 559.0 136.0 13.0 7.0   
1176861715 76825.0 18237.0 3961.0 815.0 145.0 16.0 1.0   
1176863353 82347.0 14598.0 2495.0 456.0 91.0 13.0    
1176864991 80488.0 15940.0 2879.0 572.0 101.0 18.0 2.0   
1176866630 81993.0 14897.0 2606.0 412.0 75.0 16.0 1.0   
1176868268 82274.0 14684.0 2536.0 438.0 50.0 17.0 1.0   
1176869907 82055.0 14837.0 2532.0 463.0 96.0 15.0 2.0   
1176871545 82286.0 14617.0 2511.0 462.0 95.0 13.0 12.0 3.0 1.0 
1176873183 81860.0 14877.0 2705.0 437.0 98.0 9.0 11.0 2.0 1.0 
1176874822 82388.0 14695.0 2362.0 458.0 86.0 10.0 1.0   
1176876460 82167.0 14895.0 2396.0 462.0 55.0 18.0 5.0 1.0 1.0 
1176878099 81772.0 15099.0 2622.0 438.0 59.0 8.0 1.0 1.0  
1176879737 81291.0 15141.0 2912.0 530.0 104.0 15.0 7.0   
1176881375 81216.0 15344.0 2765.0 562.0 95.0 15.0 3.0   
1176883014 82261.0 14730.0 2503.0 420.0 67.0 14.0 4.0 1.0  
1176884652 82203.0 14718.0 2463.0 506.0 84.0 22.0 4.0   
1176886291 81588.0 15088.0 2721.0 481.0 105.0 14.0 3.0   
1176887929 82105.0 14748.0 2553.0 498.0 79.0 15.0 2.0   
1176889567 81793.0 15057.0 2532.0 488.0 113.0 17.0    
1176891206 82095.0 14723.0 2616.0 494.0 59.0 12.0 1.0   
1176892844 73223.0 20640.0 4838.0 1054.0 190.0 32.0 14.0 7.0 2.0 
1176894483 82347.0 14744.0 2384.0 446.0 63.0 10.0 3.0 2.0 1.0 
1176896121 82074.0 14803.0 2597.0 455.0 67.0 2.0 2.0   
1176897759 81127.0 15299.0 2860.0 592.0 107.0 15.0    
1176899398 71445.0 21616.0 5434.0 1201.0 250.0 50.0 3.0 1.0  
1176901036 2547.0 60975.0 26331.0 7638.0 1895.0 462.0 116.0 29.0 6.0 1.0
1176902675 81693.0 15003.0 2661.0 527.0 97.0 17.0 2.0   
1176904313 81945.0 14972.0 2516.0 451.0 80.0 28.0 8.0   
1176905951 81109.0 15573.0 2617.0 571.0 112.0 16.0 2.0   
1176907590 76756.0 18465.0 3840.0 736.0 160.0 37.0 6.0   
1176909228          
1176910428 82394.0 14725.0 2380.0 417.0 69.0 14.0 1.0   
1176912067 80709.0 15551.0 3046.0 579.0 97.0 14.0 4.0   
1176913705 82141.0 14851.0 2415.0 505.0 81.0 7.0    
1176915344 82286.0 14677.0 2479.0 456.0 93.0 7.0 2.0   
1176916982 81805.0 15125.0 2526.0 474.0 60.0 10.0    
1176918620 81979.0 14836.0 2601.0 492.0 84.0 6.0 2.0   
1176920259 82002.0 14855.0 2605.0 448.0 81.0 7.0 1.0 1.0  
1176921897 80913.0 15551.0 2830.0 591.0 96.0 16.0 2.0 0.0 1.0 
1176923536 81328.0 15254.0 2744.0 542.0 96.0 32.0 4.0   
1176925174 65570.0 24903.0 7126.0 1941.0 393.0 59.0 8.0   
1176926812 11854.0 57900.0 22105.0 6023.0 1607.0 393.0 91.0 24.0 3.0 
1176928451 81645.0 15050.0 2650.0 539.0 91.0 22.0 3.0   
1176930089 69613.0 22909.0 5824.0 1310.0 279.0 56.0 7.0 0.0 2.0 
1176931728 1125.0 67811.0 23454.0 5979.0 1275.0 250.0 79.0 19.0 6.0 2.0
1176933366 81182.0 15394.0 2785.0 532.0 88.0 19.0    
1176935004 79243.0 16634.0 3350.0 643.0 113.0 13.0 4.0   
1176936643 82115.0 14928.0 2408.0 495.0 47.0 6.0 1.0   
1176938281 81970.0 14951.0 2523.0 488.0 62.0 6.0    
1176939920 82273.0 14672.0 2451.0 496.0 71.0 19.0 14.0 4.0  
1176941558 78427.0 17270.0 3408.0 729.0 136.0 19.0 4.0 7.0  
1176943196 81493.0 15297.0 2606.0 501.0 94.0 8.0 1.0   
1176944835 82056.0 14749.0 2646.0 478.0 67.0 4.0    
1176946473 81944.0 14975.0 2535.0 466.0 70.0 10.0    
1176948112 82310.0 14559.0 2611.0 453.0 64.0 3.0    
1176949750 80242.0 15946.0 3080.0 587.0 125.0 17.0 3.0   
1176951388 78821.0 16965.0 3342.0 711.0 138.0 19.0 4.0   
1176953027 82028.0 14897.0 2572.0 440.0 59.0 2.0 2.0   
1176954665 81501.0 15197.0 2719.0 465.0 94.0 22.0 2.0   
1176956304 82382.0 14699.0 2418.0 459.0 37.0 5.0    
1176957942 81322.0 15368.0 2703.0 496.0 100.0 11.0    
1176959580 82084.0 14968.0 2446.0 416.0 49.0 13.0 21.0 3.0  
1176961219 81002.0 15605.0 2734.0 522.0 98.0 16.0 9.0 9.0 4.0 1.0
1176962857 2723.0 60670.0 25740.0 7686.0 2231.0 689.0 186.0 52.0 20.0 3.0
1176964496 817.0 66932.0 24164.0 6301.0 1406.0 299.0 78.0 3.0  
1176966134 81957.0 14958.0 2529.0 470.0 75.0 9.0 2.0   
1176967772 82466.0 14522.0 2502.0 403.0 85.0 18.0 4.0   
1176969411 81742.0 15054.0 2564.0 531.0 86.0 21.0 1.0 1.0  
1176971049 82289.0 14627.0 2603.0 420.0 54.0 4.0 3.0   
1176972688 82221.0 14697.0 2520.0 460.0 82.0 19.0 1.0   
1176974326 82010.0 15016.0 2465.0 409.0 83.0 12.0 5.0   
1176975964 79484.0 16479.0 3194.0 693.0 133.0 16.0 1.0   
1176977603 74124.0 20192.0 4569.0 901.0 155.0 48.0 11.0   
1176979241 82286.0 14751.0 2435.0 452.0 68.0 8.0    
1176980880 82035.0 14800.0 2576.0 488.0 88.0 13.0    
1176982518 78277.0 17000.0 3681.0 824.0 188.0 28.0 2.0   
1176984156 73849.0 19785.0 4797.0 1212.0 300.0 54.0 3.0   
1176985795 78118.0 17271.0 3655.0 755.0 155.0 41.0 5.0   
1176987433 82021.0 14820.0 2625.0 449.0 69.0 10.0 5.0 1.0  
1176989072 81771.0 15086.0 2531.0 510.0 84.0 17.0 1.0   
1176990710 69607.0 22840.0 5888.0 1344.0 272.0 47.0 2.0   
1176992348 81317.0 15294.0 2721.0 549.0 105.0 9.0 5.0   
1176993987 81651.0 15047.0 2646.0 556.0 85.0 9.0 6.0   
1176995625 81692.0 15134.0 2603.0 487.0 76.0 8.0    
1176997264 82031.0 14856.0 2538.0 462.0 88.0 21.0 4.0   
1176998902 82299.0 14511.0 2511.0 506.0 160.0 10.0 3.0   
1177000540 80026.0 16289.0 2971.0 578.0 121.0 12.0 3.0   
1177002179 82517.0 14619.0 2351.0 434.0 71.0 8.0    
1177003817 82463.0 14514.0 2467.0 474.0 64.0 12.0 6.0   
1177005456 81954.0 14801.0 2603.0 498.0 122.0 14.0 8.0   
1177007094 81681.0 14777.0 2812.0 612.0 101.0 14.0 3.0   
1177008732          
1177009932 80648.0 15558.0 2966.0 644.0 152.0 27.0 5.0   
1177011571 81564.0 15265.0 2619.0 458.0 79.0 7.0 6.0 2.0  
1177013209 82522.0 14524.0 2425.0 460.0 49.0 15.0 5.0   
1177014848 82474.0 14362.0 2579.0 483.0 84.0 14.0 4.0   
1177016486 82117.0 14777.0 2525.0 478.0 96.0 6.0 1.0   
1177018124 82278.0 14537.0 2533.0 546.0 96.0 8.0 2.0   
1177019763 82643.0 14518.0 2285.0 443.0 105.0 6.0    
1177021401 82411.0 14567.0 2431.0 466.0 102.0 23.0    
1177023040 81815.0 15073.0 2561.0 454.0 83.0 5.0 9.0   
1177024678 82754.0 14281.0 2411.0 475.0 68.0 8.0 3.0   
1177026316 82024.0 14750.0 2631.0 473.0 94.0 23.0 4.0 1.0  
1177027955 81533.0 15348.0 2538.0 470.0 88.0 20.0 3.0   
1177029593 9579.0 60854.0 22084.0 5789.0 1300.0 313.0 66.0 10.0 5.0 
1177031232 81950.0 14821.0 2587.0 520.0 99.0 21.0 2.0   
1177032870 81641.0 15117.0 2694.0 466.0 79.0 1.0 1.0 1.0  
1177034508 81829.0 15233.0 2448.0 424.0 61.0 4.0 1.0   
1177036147 82036.0 14884.0 2538.0 446.0 72.0 17.0 6.0 1.0  
1177037785 81733.0 15159.0 2491.0 476.0 92.0 26.0 10.0 8.0 4.0 1.0
1177039424 81659.0 15149.0 2566.0 496.0 97.0 18.0 15.0   
1177041062 81225.0 15340.0 2810.0 527.0 84.0 9.0 4.0 1.0  
1177042700 81612.0 15228.0 2571.0 491.0 88.0 10.0    
1177044339 82257.0 14552.0 2640.0 451.0 77.0 18.0 4.0 1.0  
1177045977 66507.0 24912.0 6721.0 1508.0 286.0 51.0 15.0   
1177047616 81546.0 15130.0 2663.0 539.0 92.0 22.0 8.0   
1177049254 82160.0 14638.0 2546.0 587.0 56.0 11.0 1.0 1.0  
1177050892 82273.0 14563.0 2622.0 454.0 81.0 7.0    
1177052531 81948.0 14805.0 2711.0 445.0 85.0 5.0 1.0   
1177054169 81778.0 14962.0 2567.0 541.0 119.0 18.0 15.0   
