 0 1 2 3 4 5 6 7
1176820755 81239.0 15347.0 2818.0 458.0 114.0 22.0 2.0 
1176822393 81159.0 15301.0 2854.0 570.0 101.0 15.0  
1176824031 81025.0 15346.0 2868.0 623.0 122.0 14.0 2.0 
1176825670 81526.0 15001.0 2898.0 494.0 68.0 13.0  
1176827308 81218.0 15457.0 2732.0 521.0 63.0 9.0  
1176828947 81030.0 15674.0 2764.0 443.0 66.0 21.0 2.0 
1176830585 81379.0 15359.0 2629.0 513.0 89.0 26.0 4.0 1.0
1176832223 81118.0 15544.0 2733.0 520.0 84.0 1.0  
1176833862 81317.0 15393.0 2703.0 494.0 83.0 7.0 3.0 
1176835500 81267.0 15390.0 2752.0 504.0 76.0 11.0  
1176837139 80310.0 15989.0 2995.0 572.0 115.0 19.0  
1176838777 81342.0 15318.0 2834.0 427.0 74.0 5.0  
1176840415 81167.0 15529.0 2693.0 499.0 105.0 7.0  
1176842054 81272.0 15229.0 2903.0 502.0 74.0 16.0 2.0 2.0
1176843692 81051.0 15492.0 2805.0 543.0 95.0 14.0  
1176845331 81213.0 15485.0 2732.0 479.0 77.0 12.0 2.0 
1176846969 80485.0 15914.0 2953.0 555.0 78.0 13.0 2.0 
1176848607 81378.0 15183.0 2712.0 585.0 114.0 12.0 15.0 1.0
1176850246 81643.0 15119.0 2619.0 519.0 95.0 5.0  
1176851884 81021.0 15465.0 2908.0 494.0 107.0 5.0  
1176853523 81209.0 15366.0 2820.0 492.0 104.0 8.0 1.0 
1176855161 80849.0 15699.0 2829.0 511.0 104.0 8.0  
1176856799 80844.0 15772.0 2856.0 449.0 69.0 10.0  
1176858438 80679.0 15841.0 2841.0 516.0 111.0 12.0  
1176860076 81420.0 15354.0 2677.0 476.0 66.0 7.0  
1176861715 81164.0 15376.0 2790.0 579.0 80.0 11.0  
1176863353 81290.0 15342.0 2759.0 497.0 92.0 18.0 2.0 
1176864991 81355.0 15363.0 2731.0 430.0 104.0 17.0  
1176866630 81478.0 15198.0 2773.0 464.0 68.0 19.0  
1176868268 81472.0 15255.0 2718.0 481.0 63.0 9.0 2.0 
1176869907 81385.0 15238.0 2744.0 525.0 90.0 12.0 6.0 
1176871545 81221.0 15474.0 2692.0 501.0 101.0 10.0 1.0 
1176873183 80977.0 15571.0 2809.0 527.0 109.0 7.0  
1176874822 80110.0 16039.0 3092.0 617.0 122.0 14.0 6.0 
1176876460 81356.0 15366.0 2696.0 471.0 89.0 19.0 3.0 
1176878099 81420.0 15226.0 2785.0 474.0 87.0 6.0 2.0 
1176879737 81204.0 15447.0 2681.0 545.0 108.0 14.0 1.0 
1176881375 81124.0 15376.0 2809.0 570.0 107.0 14.0  
1176883014 81270.0 15308.0 2803.0 509.0 97.0 11.0 1.0 1.0
1176884652 81413.0 15252.0 2771.0 478.0 71.0 14.0 1.0 
1176886291 81147.0 15354.0 2822.0 546.0 108.0 23.0  
1176887929 81474.0 15195.0 2785.0 460.0 72.0 12.0 2.0 
1176889567 80895.0 15710.0 2775.0 508.0 101.0 11.0  
1176891206 81178.0 15334.0 2902.0 519.0 60.0 7.0  
1176892844 81278.0 15396.0 2731.0 491.0 95.0 9.0  
1176894483 81436.0 15165.0 2765.0 515.0 95.0 24.0  
1176896121 81225.0 15506.0 2696.0 452.0 85.0 34.0 2.0 
1176897759 81379.0 15287.0 2763.0 458.0 101.0 12.0  
1176899398 81759.0 14991.0 2624.0 527.0 90.0 8.0 1.0 
1176901036 81560.0 15054.0 2752.0 504.0 119.0 11.0  
1176902675 81419.0 15185.0 2689.0 590.0 105.0 10.0 2.0 
1176904313 81402.0 15166.0 2839.0 506.0 79.0 8.0  
1176905951 81087.0 15550.0 2770.0 494.0 84.0 8.0 7.0 
1176907590 81342.0 15336.0 2759.0 466.0 84.0 12.0 1.0 
1176909228        
1176910428 81042.0 15593.0 2751.0 493.0 109.0 11.0 1.0 
1176912067 81492.0 15267.0 2659.0 494.0 74.0 13.0 1.0 
1176913705 81052.0 15431.0 2855.0 514.0 115.0 32.0 1.0 
1176915344 81181.0 15335.0 2896.0 484.0 96.0 8.0  
1176916982 81142.0 15430.0 2830.0 469.0 100.0 28.0 1.0 
1176918620 81311.0 15232.0 2803.0 540.0 106.0 8.0  
1176920259 81541.0 15123.0 2765.0 462.0 94.0 15.0  
1176921897 81266.0 15253.0 2783.0 563.0 123.0 12.0  
1176923536 81432.0 15301.0 2688.0 470.0 89.0 19.0 1.0 
1176925174 81496.0 15209.0 2725.0 487.0 73.0 10.0  
1176926812 81265.0 15292.0 2824.0 506.0 100.0 11.0 1.0 1.0
1176928451 81062.0 15438.0 2834.0 543.0 114.0 8.0 1.0 
1176930089 81373.0 15393.0 2655.0 488.0 82.0 9.0  
1176931728 81143.0 15630.0 2607.0 535.0 75.0 8.0 2.0 
1176933366 81115.0 15511.0 2760.0 519.0 93.0 2.0  
1176935004 81508.0 15237.0 2704.0 470.0 70.0 10.0 1.0 
1176936643 81509.0 15325.0 2641.0 431.0 88.0 6.0  
1176938281 81367.0 15315.0 2703.0 483.0 123.0 8.0 1.0 
1176939920 81510.0 15225.0 2733.0 456.0 68.0 7.0 1.0 
1176941558 81442.0 15281.0 2701.0 485.0 80.0 10.0 1.0 
1176943196 81537.0 15270.0 2550.0 498.0 127.0 17.0 1.0 
1176944835 80923.0 15809.0 2735.0 446.0 80.0 7.0  
1176946473 81659.0 15025.0 2729.0 516.0 67.0 4.0  
1176948112 81262.0 15136.0 2910.0 598.0 88.0 6.0  
1176949750 80876.0 15481.0 2884.0 568.0 156.0 33.0 2.0 
1176951388 81359.0 15290.0 2752.0 478.0 104.0 17.0  
1176953027 81471.0 15118.0 2814.0 474.0 112.0 10.0 1.0 
1176954665 81268.0 15456.0 2703.0 464.0 95.0 14.0  
1176956304 81367.0 15409.0 2696.0 441.0 80.0 7.0  
1176957942 81217.0 15532.0 2696.0 480.0 66.0 9.0  
1176959580 81281.0 15316.0 2791.0 506.0 93.0 13.0  
1176961219 80604.0 15825.0 2981.0 522.0 64.0 4.0  
1176962857 80774.0 15707.0 2865.0 555.0 89.0 10.0  
1176964496 81355.0 15212.0 2683.0 567.0 157.0 25.0 1.0 
1176966134 81104.0 15465.0 2803.0 525.0 81.0 21.0 1.0 
1176967772 81321.0 15292.0 2756.0 515.0 106.0 10.0  
1176969411 81365.0 15412.0 2688.0 444.0 82.0 7.0 2.0 
1176971049 81356.0 15336.0 2749.0 471.0 72.0 16.0  
1176972688 81163.0 15325.0 2784.0 562.0 142.0 19.0 4.0 1.0
1176974326 81253.0 15394.0 2730.0 512.0 108.0 3.0  
1176975964 81203.0 15351.0 2836.0 495.0 93.0 22.0  
1176977603 81498.0 15126.0 2669.0 558.0 125.0 24.0  
1176979241 81450.0 15158.0 2768.0 514.0 91.0 18.0 1.0 
1176980880 81304.0 15302.0 2854.0 430.0 98.0 12.0  
1176982518 81599.0 15254.0 2621.0 420.0 90.0 14.0 2.0 
1176984156 79775.0 16211.0 3294.0 586.0 115.0 19.0  
1176985795 80667.0 15864.0 2858.0 485.0 109.0 12.0 5.0 
1176987433 81249.0 15343.0 2782.0 531.0 83.0 11.0 1.0 
1176989072 81123.0 15322.0 2860.0 545.0 124.0 26.0  
1176990710 81602.0 15002.0 2788.0 502.0 100.0 6.0  
1176992348 81219.0 15508.0 2681.0 498.0 80.0 14.0  
1176993987 81232.0 15421.0 2754.0 480.0 95.0 14.0 4.0 
1176995625 81120.0 15445.0 2762.0 545.0 107.0 21.0  
1176997264 81054.0 15365.0 2983.0 504.0 81.0 12.0 1.0 
1176998902 81423.0 15121.0 2805.0 548.0 96.0 7.0  
1177000540 81248.0 15376.0 2748.0 499.0 107.0 18.0 4.0 
1177002179 81301.0 15390.0 2664.0 512.0 117.0 13.0 1.0 2.0
1177003817 81313.0 15332.0 2712.0 507.0 102.0 25.0 7.0 2.0
1177005456 81273.0 15374.0 2715.0 544.0 86.0 7.0 1.0 
1177007094 81228.0 15274.0 2840.0 543.0 98.0 13.0 4.0 
1177008732        
1177009932 81365.0 15371.0 2660.0 514.0 87.0 3.0  
1177011571 81407.0 15300.0 2645.0 517.0 116.0 11.0 4.0 
1177013209 80936.0 15503.0 2880.0 552.0 112.0 15.0 2.0 
1177014848 80905.0 15691.0 2769.0 529.0 95.0 9.0 2.0 
1177016486 81241.0 15412.0 2757.0 504.0 74.0 10.0 2.0 
1177018124 81790.0 14955.0 2676.0 512.0 61.0 6.0  
1177019763 81285.0 15433.0 2673.0 475.0 116.0 16.0 2.0 
1177021401 81286.0 15337.0 2812.0 475.0 78.0 11.0 1.0 
1177023040 81330.0 15345.0 2766.0 477.0 69.0 11.0 2.0 
1177024678 80603.0 15641.0 3069.0 580.0 87.0 14.0 6.0 
1177026316 81023.0 15530.0 2739.0 572.0 124.0 12.0  
1177027955 81330.0 15419.0 2662.0 457.0 115.0 16.0 1.0 
1177029593 81198.0 15264.0 2923.0 494.0 97.0 24.0  
1177031232 80997.0 15605.0 2788.0 512.0 81.0 15.0 2.0 
1177032870 81205.0 15347.0 2740.0 575.0 111.0 21.0 1.0 
1177034508 81486.0 15198.0 2750.0 488.0 69.0 8.0 1.0 
1177036147 81341.0 15452.0 2635.0 473.0 90.0 8.0 1.0 
1177037785 80453.0 15813.0 3001.0 606.0 110.0 15.0 2.0 
1177039424 81398.0 15292.0 2743.0 478.0 80.0 7.0 2.0 
1177041062 81200.0 15379.0 2808.0 506.0 100.0 6.0 1.0 
1177042700 80964.0 15542.0 2958.0 454.0 77.0 3.0 2.0 
1177044339 81073.0 15502.0 2734.0 571.0 105.0 14.0 1.0 
1177045977 81556.0 15134.0 2710.0 504.0 82.0 13.0 1.0 
1177047616 81119.0 15535.0 2740.0 488.0 109.0 9.0  
1177049254 80596.0 15720.0 2968.0 560.0 136.0 17.0 3.0 
1177050892 80991.0 15726.0 2732.0 457.0 86.0 8.0  
1177052531 81593.0 15183.0 2677.0 429.0 101.0 12.0 5.0 
1177054169 81355.0 15423.0 2670.0 483.0 66.0 2.0 1.0 
