 0 1 2 3 4 5 6 7 8 9
1176820755 83961.0 13668.0 2014.0 308.0 45.0 4.0    
1176822393 84233.0 13347.0 1964.0 381.0 67.0 8.0    
1176824031 83930.0 13669.0 2026.0 331.0 41.0 2.0 1.0   
1176825670 84194.0 13353.0 2067.0 324.0 58.0 4.0    
1176827308 74906.0 19669.0 4352.0 879.0 163.0 28.0 3.0   
1176828947 82934.0 14290.0 2275.0 391.0 91.0 17.0 2.0   
1176830585 83178.0 14267.0 2203.0 312.0 34.0 6.0    
1176832223 83831.0 13609.0 2129.0 330.0 79.0 16.0 6.0   
1176833862 82802.0 14353.0 2325.0 462.0 51.0 7.0    
1176835500 81701.0 15078.0 2621.0 519.0 74.0 5.0 0.0 2.0  
1176837139 82007.0 14838.0 2632.0 472.0 47.0 4.0    
1176838777 40811.0 42771.0 12742.0 2846.0 685.0 122.0 18.0 5.0  
1176840415 81370.0 15295.0 2736.0 461.0 113.0 22.0 3.0   
1176842054 20820.0 56288.0 17366.0 4239.0 1015.0 224.0 42.0 6.0  
1176843692 84550.0 13065.0 2070.0 261.0 48.0 6.0    
1176845331 83891.0 13583.0 2112.0 367.0 37.0 9.0 1.0   
1176846969 83821.0 13636.0 2153.0 344.0 31.0 14.0 1.0   
1176848607 84272.0 13401.0 2033.0 244.0 41.0 8.0 1.0   
1176850246 84347.0 13311.0 2007.0 295.0 35.0 3.0 2.0   
1176851884 83838.0 13489.0 2160.0 437.0 70.0 6.0    
1176853523 84437.0 13203.0 2005.0 300.0 47.0 8.0    
1176855161 84332.0 13233.0 2064.0 321.0 43.0 6.0 1.0   
1176856799 84316.0 13381.0 2007.0 273.0 19.0 3.0 1.0   
1176858438 83810.0 13654.0 2169.0 320.0 46.0 1.0    
1176860076 84412.0 13283.0 1992.0 266.0 44.0 3.0    
1176861715 83822.0 13681.0 2065.0 360.0 59.0 7.0 5.0 1.0  
1176863353 83851.0 13646.0 2129.0 317.0 47.0 10.0    
1176864991 84054.0 13491.0 2117.0 300.0 34.0 4.0    
1176866630 84421.0 13236.0 2057.0 250.0 33.0 3.0    
1176868268 84220.0 13427.0 2019.0 291.0 36.0 6.0 1.0   
1176869907 84141.0 13435.0 2010.0 339.0 59.0 12.0 2.0 2.0  
1176871545 83991.0 13410.0 2108.0 377.0 88.0 21.0 5.0   
1176873183 83516.0 13848.0 2226.0 348.0 48.0 11.0 3.0   
1176874822 83641.0 13816.0 2124.0 359.0 37.0 22.0 1.0   
1176876460 10322.0 62901.0 20147.0 5350.0 1079.0 174.0 23.0 3.0 0.0 1.0
1176878099 84169.0 13457.0 1972.0 342.0 54.0 2.0 4.0   
1176879737 71220.0 22315.0 5107.0 1126.0 214.0 18.0    
1176881375 83862.0 13607.0 2119.0 355.0 54.0 3.0    
1176883014 84333.0 13248.0 2020.0 329.0 59.0 8.0 3.0   
1176884652 83979.0 13755.0 1935.0 287.0 40.0 3.0 1.0   
1176886291 84296.0 13399.0 1994.0 264.0 44.0 3.0    
1176887929 84522.0 13165.0 1966.0 303.0 42.0 2.0    
1176889567 57159.0 31429.0 8931.0 1999.0 358.0 81.0 34.0 8.0 1.0 
1176891206 84212.0 13338.0 2096.0 305.0 46.0 3.0    
1176892844 82291.0 14695.0 2394.0 478.0 118.0 22.0 2.0   
1176894483 83833.0 13671.0 2071.0 369.0 49.0 5.0 2.0   
1176896121 84058.0 13566.0 1997.0 322.0 51.0 6.0    
1176897759 84502.0 13072.0 2054.0 304.0 62.0 6.0    
1176899398 83581.0 13758.0 2239.0 332.0 79.0 11.0    
1176901036 0.0 6243.0 52361.0 27752.0 10036.0 2626.0 780.0 177.0 21.0 4.0
1176902675 83765.0 13788.0 2053.0 335.0 50.0 8.0 1.0   
1176904313 83973.0 13570.0 2082.0 345.0 23.0 7.0    
1176905951 57950.0 30752.0 8621.0 2136.0 457.0 67.0 16.0 1.0  
1176907590 696.0 62507.0 26087.0 7902.0 2132.0 507.0 117.0 39.0 8.0 5.0
1176909228          
1176910428 0.0 571.0 2089.0 46229.0 31495.0 13326.0 4474.0 1394.0 348.0 74.0
1176912067 84117.0 13524.0 2024.0 294.0 37.0 4.0    
1176913705 84510.0 13242.0 1875.0 312.0 46.0 14.0 1.0   
1176915344 82317.0 14695.0 2480.0 415.0 83.0 9.0 1.0   
1176916982 84168.0 13401.0 2086.0 307.0 36.0 2.0    
1176918620 70896.0 22345.0 5418.0 1064.0 220.0 50.0 6.0 1.0  
1176920259 83685.0 13737.0 2164.0 324.0 77.0 13.0    
1176921897 83078.0 14151.0 2316.0 376.0 65.0 9.0 3.0 2.0  
1176923536 83845.0 13711.0 2088.0 317.0 39.0     
1176925174 79316.0 16791.0 3187.0 574.0 109.0 21.0 2.0   
1176926812 82325.0 14626.0 2522.0 446.0 69.0 11.0 1.0   
1176928451 83699.0 13680.0 2174.0 361.0 64.0 18.0 4.0   
1176930089 55531.0 32886.0 9218.0 1911.0 367.0 70.0 17.0   
1176931728 71394.0 21772.0 5408.0 1182.0 209.0 32.0 3.0   
1176933366 82536.0 14575.0 2414.0 402.0 57.0 14.0 2.0   
1176935004 55500.0 23938.0 13241.0 5106.0 1531.0 513.0 132.0 26.0 12.0 1.0
1176936643 82241.0 14504.0 2712.0 458.0 71.0 14.0    
1176938281 1.0 68252.0 23793.0 6065.0 1470.0 298.0 88.0 27.0 6.0 
1176939920 83236.0 14102.0 2223.0 356.0 73.0 9.0 1.0   
1176941558 563.0 59539.0 27752.0 9188.0 2269.0 514.0 147.0 27.0 1.0 
1176943196 0.0 69645.0 23014.0 5764.0 1263.0 219.0 62.0 24.0 8.0 1.0
1176944835 83879.0 13691.0 2068.0 297.0 40.0 11.0 7.0 6.0 1.0 
1176946473 80667.0 15704.0 3028.0 496.0 79.0 24.0 1.0 1.0  
1176948112 0.0 15877.0 51009.0 23035.0 7603.0 1905.0 409.0 122.0 38.0 2.0
1176949750 20.0 70270.0 22945.0 5376.0 1130.0 176.0 61.0 17.0 5.0 
1176951388 82401.0 14798.0 2394.0 357.0 45.0 5.0    
1176953027 83006.0 14256.0 2251.0 414.0 58.0 14.0 1.0   
1176954665 0.0 215.0 59338.0 28018.0 9166.0 2497.0 613.0 132.0 17.0 4.0
1176956304 82660.0 14525.0 2345.0 393.0 69.0 7.0 1.0   
1176957942 58527.0 30114.0 8801.0 1955.0 509.0 70.0 18.0 6.0  
1176959580 82958.0 14263.0 2381.0 337.0 54.0 6.0 1.0   
1176961219 84511.0 13187.0 1957.0 295.0 47.0 2.0 1.0   
1176962857 48065.0 37715.0 11059.0 2545.0 532.0 67.0 15.0 2.0  
1176964496 84374.0 13239.0 2040.0 286.0 57.0 4.0    
1176966134 82079.0 14891.0 2601.0 383.0 34.0 5.0 7.0   
1176967772 83820.0 13589.0 2191.0 313.0 75.0 12.0    
1176969411 81623.0 15327.0 2588.0 398.0 52.0 12.0    
1176971049 0.0 71042.0 22223.0 5426.0 1037.0 201.0 59.0 9.0 3.0 
1176972688 83825.0 13838.0 1994.0 295.0 40.0 6.0 2.0   
1176974326 84010.0 13457.0 2132.0 347.0 44.0 10.0    
1176975964 52979.0 34658.0 9634.0 2219.0 427.0 71.0 10.0 2.0  
1176977603 1389.0 63952.0 25376.0 7127.0 1670.0 385.0 78.0 17.0 4.0 2.0
1176979241 84201.0 13345.0 2079.0 297.0 65.0 10.0 3.0   
1176980880 84388.0 13292.0 1987.0 282.0 48.0 3.0    
1176982518 0.0 74.0 25528.0 33484.0 23176.0 11324.0 4531.0 1398.0 408.0 77.0
1176984156 560.0 69738.0 22539.0 5592.0 1226.0 250.0 67.0 17.0 7.0 4.0
1176985795 80533.0 15806.0 2954.0 601.0 92.0 14.0    
1176987433 84612.0 13118.0 1980.0 261.0 28.0 1.0    
1176989072 84489.0 13246.0 1858.0 335.0 56.0 14.0 2.0   
1176990710 83692.0 13664.0 2239.0 367.0 29.0 9.0    
1176992348 84242.0 13233.0 2123.0 322.0 69.0 6.0 5.0   
1176993987 72494.0 12591.0 9439.0 3963.0 1161.0 274.0 68.0 8.0 2.0 
1176995625 82282.0 14681.0 2501.0 444.0 72.0 15.0 5.0   
1176997264 84391.0 13212.0 2028.0 309.0 56.0 4.0    
1176998902 64209.0 27475.0 6695.0 1302.0 254.0 59.0 6.0   
1177000540 84171.0 13407.0 2071.0 298.0 47.0 6.0    
1177002179 37130.0 44188.0 14105.0 3562.0 838.0 157.0 19.0 1.0  
1177003817 84215.0 13341.0 2087.0 303.0 50.0 4.0    
1177005456 84199.0 13389.0 2063.0 301.0 42.0 6.0    
1177007094 56752.0 31953.0 8998.0 1840.0 382.0 67.0 7.0 0.0 1.0 
1177008732          
1177009932 83092.0 14217.0 2261.0 321.0 79.0 25.0 5.0   
1177011571 84013.0 13622.0 1986.0 301.0 68.0 7.0 3.0   
1177013209 84106.0 13467.0 2064.0 309.0 50.0 3.0 1.0   
1177014848 84185.0 13318.0 2063.0 354.0 70.0 6.0 4.0   
1177016486 82815.0 14448.0 2323.0 336.0 67.0 9.0 2.0   
1177018124 83893.0 13624.0 2076.0 350.0 47.0 8.0 2.0   
1177019763 84195.0 13392.0 1976.0 377.0 53.0 7.0    
1177021401 84315.0 13204.0 2046.0 360.0 57.0 12.0 4.0 2.0  
1177023040 83817.0 13649.0 2131.0 351.0 42.0 6.0 2.0 1.0 1.0 
1177024678 42699.0 41521.0 12250.0 2833.0 562.0 113.0 14.0 5.0 3.0 
1177026316 84091.0 13482.0 2046.0 309.0 65.0 5.0 2.0   
1177027955 84345.0 13147.0 2138.0 322.0 45.0 3.0    
1177029593 84075.0 13493.0 2045.0 323.0 59.0 5.0    
1177031232 83203.0 14016.0 2305.0 404.0 64.0 7.0 1.0   
1177032870 84502.0 13257.0 1940.0 261.0 36.0 3.0 1.0   
1177034508 63247.0 27282.0 7338.0 1735.0 349.0 30.0 19.0   
1177036147 84026.0 13701.0 1964.0 273.0 30.0 5.0 1.0   
1177037785 84175.0 13453.0 1973.0 353.0 42.0 4.0    
1177039424 0.0 1525.0 49360.0 31010.0 12515.0 4027.0 1196.0 276.0 70.0 21.0
1177041062 83851.0 13761.0 2030.0 307.0 46.0 5.0    
1177042700 81654.0 15056.0 2716.0 440.0 116.0 17.0 1.0   
1177044339 68810.0 23782.0 5749.0 1336.0 264.0 50.0 9.0   
1177045977 28226.0 51126.0 15719.0 3863.0 883.0 164.0 17.0 2.0  
1177047616 83963.0 13450.0 2176.0 313.0 84.0 12.0 1.0 1.0  
1177049254 84053.0 13607.0 1970.0 309.0 51.0 10.0    
1177050892 83946.0 13527.0 2110.0 346.0 57.0 14.0    
1177052531 118.0 70998.0 22481.0 5114.0 1005.0 208.0 63.0 8.0 5.0 
1177054169 84093.0 13497.0 2064.0 309.0 34.0 3.0    
