 0 1 2 3 4 5 6 7 8 9
1176820755 81465.0 15073.0 2755.0 562.0 119.0 16.0 10.0   
1176822393 81300.0 15369.0 2728.0 513.0 88.0 2.0    
1176824031 81074.0 15269.0 2941.0 579.0 114.0 16.0 4.0 2.0 0.0 1.0
1176825670 80349.0 15846.0 2977.0 668.0 128.0 19.0 11.0 2.0  
1176827308 81257.0 15375.0 2766.0 506.0 80.0 14.0 2.0   
1176828947 81170.0 15541.0 2696.0 508.0 70.0 15.0    
1176830585 80705.0 15739.0 2932.0 521.0 96.0 7.0    
1176832223 81246.0 15423.0 2741.0 493.0 87.0 9.0 1.0   
1176833862 81301.0 15114.0 2929.0 525.0 90.0 28.0 11.0 1.0 1.0 
1176835500 80343.0 15853.0 3180.0 531.0 87.0 6.0    
1176837139 81587.0 15276.0 2548.0 489.0 81.0 17.0 2.0   
1176838777 81061.0 15510.0 2919.0 437.0 69.0 3.0 0.0 1.0  
1176840415 81223.0 15442.0 2804.0 450.0 70.0 11.0    
1176842054 81436.0 15325.0 2693.0 444.0 98.0 4.0    
1176843692 81433.0 15041.0 2856.0 519.0 120.0 23.0 8.0   
1176845331 81518.0 15212.0 2779.0 420.0 68.0 3.0    
1176846969 81010.0 15622.0 2740.0 549.0 70.0 5.0 4.0   
1176848607 71122.0 13620.0 9116.0 4097.0 1436.0 462.0 121.0 18.0 5.0 3.0
1176850246 81321.0 15342.0 2752.0 452.0 113.0 12.0 7.0 1.0  
1176851884 81397.0 15185.0 2831.0 498.0 80.0 8.0 1.0   
1176853523 81241.0 15175.0 2965.0 511.0 93.0 13.0 2.0   
1176855161 81464.0 15204.0 2748.0 495.0 82.0 7.0    
1176856799 81041.0 15472.0 2804.0 562.0 95.0 10.0 14.0 2.0  
1176858438 81207.0 15518.0 2743.0 430.0 91.0 11.0    
1176860076 81107.0 15385.0 2932.0 450.0 102.0 18.0 5.0 1.0  
1176861715 81397.0 15028.0 2883.0 545.0 126.0 18.0 3.0   
1176863353 81438.0 15380.0 2618.0 478.0 68.0 16.0 2.0   
1176864991 79270.0 16413.0 3348.0 766.0 156.0 40.0 6.0 0.0 1.0 
1176866630 81240.0 15412.0 2789.0 435.0 114.0 10.0    
1176868268 81486.0 15101.0 2710.0 550.0 114.0 25.0 12.0 0.0 2.0 
1176869907 81191.0 15363.0 2830.0 510.0 100.0 6.0    
1176871545 80988.0 15541.0 2837.0 519.0 99.0 16.0    
1176873183 81231.0 15405.0 2770.0 498.0 85.0 10.0 1.0   
1176874822 80800.0 15649.0 2906.0 544.0 96.0 4.0 1.0   
1176876460 81378.0 15322.0 2721.0 471.0 90.0 18.0    
1176878099 81541.0 15245.0 2655.0 473.0 83.0 3.0    
1176879737 81797.0 15116.0 2558.0 457.0 62.0 10.0    
1176881375 81194.0 15439.0 2750.0 520.0 84.0 11.0 2.0   
1176883014 81161.0 15511.0 2773.0 454.0 96.0 4.0 1.0   
1176884652 81413.0 15351.0 2694.0 438.0 86.0 15.0 1.0 2.0  
1176886291 80641.0 15793.0 2952.0 510.0 95.0 9.0    
1176887929 81396.0 15265.0 2661.0 521.0 132.0 25.0    
1176889567 80504.0 15975.0 2929.0 534.0 52.0 6.0    
1176891206 81589.0 15165.0 2657.0 499.0 85.0 5.0    
1176892844 81308.0 15265.0 2797.0 525.0 97.0 4.0 4.0   
1176894483 80873.0 15675.0 2855.0 514.0 72.0 11.0    
1176896121 80481.0 15769.0 3024.0 583.0 122.0 18.0 3.0   
1176897759 81170.0 15277.0 2915.0 532.0 90.0 15.0 1.0   
1176899398 81417.0 15187.0 2759.0 550.0 86.0 1.0    
1176901036 81373.0 15409.0 2689.0 431.0 90.0 7.0 1.0   
1176902675 81686.0 14989.0 2748.0 457.0 97.0 16.0 7.0   
1176904313 81311.0 15325.0 2666.0 553.0 129.0 12.0 4.0   
1176905951 81245.0 15273.0 2811.0 547.0 104.0 13.0 6.0 1.0  
1176907590 80760.0 15596.0 2924.0 587.0 114.0 17.0 2.0   
1176909228          
1176910428 80204.0 16097.0 3065.0 533.0 87.0 14.0    
1176912067 81423.0 15302.0 2677.0 497.0 88.0 10.0 2.0 1.0  
1176913705 81273.0 15367.0 2778.0 511.0 66.0 4.0 1.0   
1176915344 81532.0 15053.0 2732.0 530.0 126.0 23.0 4.0   
1176916982 81009.0 15570.0 2771.0 517.0 118.0 14.0 1.0   
1176918620 80950.0 15406.0 2866.0 633.0 130.0 13.0 2.0   
1176920259 81302.0 15211.0 2787.0 570.0 114.0 13.0 3.0   
1176921897 81529.0 14985.0 2791.0 530.0 134.0 24.0 6.0 1.0  
1176923536 81598.0 15222.0 2646.0 412.0 95.0 23.0 4.0   
1176925174 80560.0 15831.0 3023.0 502.0 75.0 9.0    
1176926812 80809.0 15534.0 3078.0 475.0 95.0 8.0 1.0   
1176928451 81147.0 15316.0 2819.0 606.0 103.0 8.0 1.0   
1176930089 81586.0 15265.0 2610.0 460.0 69.0 10.0    
1176931728 81647.0 14920.0 2816.0 490.0 101.0 21.0 5.0   
1176933366 81284.0 15408.0 2752.0 462.0 82.0 10.0 2.0   
1176935004 81550.0 14965.0 2890.0 480.0 105.0 10.0    
1176936643 80781.0 15673.0 2880.0 526.0 122.0 15.0 3.0   
1176938281 81160.0 15217.0 2930.0 541.0 113.0 27.0 10.0 2.0  
1176939920 80806.0 15697.0 2814.0 570.0 101.0 12.0    
1176941558 81316.0 15335.0 2767.0 480.0 89.0 12.0 1.0   
1176943196 81077.0 15390.0 2773.0 619.0 97.0 28.0 13.0 1.0 2.0 
1176944835 81442.0 15317.0 2632.0 494.0 86.0 24.0 5.0   
1176946473 10229.0 59633.0 22397.0 5890.0 1409.0 345.0 67.0 29.0 1.0 
1176948112 80817.0 15639.0 2867.0 560.0 90.0 21.0 6.0   
1176949750 81468.0 14944.0 2901.0 572.0 101.0 4.0 6.0 4.0  
1176951388 80982.0 15622.0 2821.0 455.0 110.0 9.0 1.0   
1176953027 80699.0 15773.0 2834.0 569.0 108.0 16.0 1.0   
1176954665 81409.0 15319.0 2717.0 426.0 111.0 14.0 3.0 1.0  
1176956304 81207.0 15255.0 2810.0 575.0 119.0 24.0 9.0 1.0  
1176957942 81002.0 15479.0 2867.0 543.0 97.0 11.0 1.0   
1176959580 81203.0 15382.0 2841.0 497.0 66.0 11.0    
1176961219 79931.0 16202.0 3195.0 553.0 116.0 3.0    
1176962857 81521.0 15206.0 2675.0 460.0 117.0 20.0 1.0   
1176964496 80970.0 15547.0 2857.0 531.0 87.0 7.0 1.0   
1176966134 81125.0 15489.0 2714.0 556.0 100.0 13.0 2.0 1.0  
1176967772 80857.0 15516.0 2906.0 601.0 96.0 15.0 9.0   
1176969411 81456.0 15261.0 2661.0 518.0 92.0 10.0 2.0   
1176971049 81216.0 15292.0 2869.0 510.0 101.0 10.0 2.0   
1176972688 80954.0 15626.0 2781.0 539.0 96.0 4.0    
1176974326 81130.0 15460.0 2793.0 506.0 104.0 5.0 2.0   
1176975964 81327.0 15073.0 2971.0 519.0 93.0 7.0 9.0 1.0  
1176977603 81042.0 15487.0 2868.0 507.0 81.0 14.0 1.0   
1176979241 81403.0 15300.0 2681.0 505.0 103.0 8.0    
1176980880 80973.0 15573.0 2835.0 527.0 80.0 11.0 1.0   
1176982518 81294.0 15226.0 2849.0 496.0 108.0 22.0 4.0 1.0  
1176984156 81532.0 15038.0 2761.0 538.0 114.0 13.0 2.0 2.0  
1176985795 81445.0 15187.0 2691.0 528.0 118.0 19.0 8.0 2.0 2.0 
1176987433 80945.0 15627.0 2836.0 486.0 91.0 14.0 1.0   
1176989072 80399.0 15951.0 2961.0 554.0 120.0 14.0 1.0   
1176990710 81206.0 15354.0 2852.0 498.0 74.0 16.0    
1176992348 80713.0 15513.0 2966.0 618.0 163.0 23.0 4.0   
1176993987 81072.0 15452.0 2763.0 580.0 116.0 16.0 1.0   
1176995625 81249.0 15371.0 2826.0 426.0 105.0 22.0 1.0   
1176997264 80933.0 15254.0 3037.0 637.0 105.0 27.0 7.0   
1176998902 81281.0 15305.0 2809.0 493.0 85.0 15.0 12.0   
1177000540 81378.0 15207.0 2796.0 521.0 77.0 10.0 11.0   
1177002179 81178.0 15444.0 2756.0 528.0 72.0 21.0 1.0   
1177003817 80902.0 15518.0 2917.0 551.0 105.0 7.0    
1177005456 81030.0 15417.0 2890.0 539.0 115.0 6.0 3.0   
1177007094 81081.0 15382.0 2860.0 540.0 117.0 18.0 2.0   
1177008732          
1177009932 81124.0 15470.0 2818.0 473.0 102.0 13.0    
1177011571 81080.0 15514.0 2787.0 514.0 78.0 13.0 8.0 3.0 3.0 
1177013209 80774.0 15618.0 2970.0 554.0 70.0 12.0 0.0 2.0  
1177014848 81153.0 15343.0 2900.0 458.0 123.0 21.0 2.0   
1177016486 81182.0 15351.0 2852.0 504.0 102.0 6.0 3.0   
1177018124 81208.0 15451.0 2764.0 488.0 72.0 11.0 5.0 1.0  
1177019763 80809.0 15608.0 2926.0 528.0 114.0 14.0 1.0   
1177021401 81221.0 15359.0 2847.0 476.0 80.0 12.0 5.0   
1177023040 81246.0 15143.0 2917.0 550.0 128.0 14.0 2.0   
1177024678 81508.0 15287.0 2615.0 499.0 75.0 15.0 1.0   
1177026316 81123.0 15426.0 2900.0 455.0 93.0 3.0    
1177027955 81133.0 15484.0 2849.0 472.0 60.0 2.0    
1177029593 80585.0 15862.0 2985.0 465.0 88.0 12.0 2.0 1.0  
1177031232 81128.0 15475.0 2794.0 479.0 116.0 8.0    
1177032870 81108.0 15631.0 2691.0 461.0 97.0 12.0    
1177034508 81030.0 15591.0 2788.0 497.0 82.0 8.0 4.0   
1177036147 18649.0 54614.0 19853.0 5363.0 1192.0 269.0 55.0 5.0  
1177037785 81257.0 15362.0 2788.0 532.0 56.0 4.0 1.0   
1177039424 81214.0 15539.0 2706.0 454.0 73.0 10.0 4.0   
1177041062 81453.0 15092.0 2814.0 527.0 95.0 16.0 2.0 1.0  
1177042700 81170.0 15185.0 2935.0 563.0 128.0 11.0 6.0 2.0  
1177044339 81572.0 15111.0 2756.0 453.0 92.0 11.0 5.0   
1177045977 80787.0 15726.0 2839.0 536.0 102.0 5.0 2.0 3.0  
1177047616 81151.0 15392.0 2776.0 588.0 78.0 13.0 2.0   
1177049254 80967.0 15575.0 2816.0 528.0 99.0 15.0    
1177050892 81159.0 15602.0 2724.0 425.0 83.0 6.0 1.0   
1177052531 79348.0 16737.0 3137.0 603.0 148.0 18.0 9.0   
1177054169 81185.0 15271.0 2879.0 552.0 94.0 13.0 6.0   
