 0 1 2 3 4 5 6 7 8
1143763317 81233.0 15453.0 2736.0 481.0 92.0 5.0   
1143764956 81156.0 15449.0 2831.0 459.0 97.0 5.0 2.0 1.0 
1143766594 81397.0 15252.0 2771.0 476.0 87.0 15.0 2.0  
1143768233 81006.0 15547.0 2803.0 542.0 90.0 11.0 1.0  
1143769871 81043.0 15392.0 2900.0 541.0 96.0 25.0 3.0  
1143771509 81602.0 15083.0 2765.0 463.0 77.0 9.0 1.0  
1143773148 80628.0 15777.0 2969.0 517.0 98.0 10.0 1.0  
1143774786 81406.0 15341.0 2655.0 476.0 102.0 19.0 1.0  
1143776425 81076.0 15584.0 2739.0 482.0 95.0 21.0 3.0  
1143778063 80829.0 15716.0 2793.0 538.0 102.0 22.0   
1143779701 80778.0 15720.0 2859.0 541.0 88.0 13.0 1.0  
1143781340 81344.0 15356.0 2768.0 441.0 80.0 10.0 1.0  
1143782978 80987.0 15350.0 3030.0 492.0 117.0 22.0 2.0  
1143784617 80941.0 15565.0 2883.0 520.0 82.0 9.0   
1143786255 81120.0 15380.0 2904.0 509.0 69.0 18.0   
1143787893 81059.0 15540.0 2735.0 539.0 105.0 15.0 6.0 1.0 
1143789532 81141.0 15398.0 2852.0 518.0 83.0 7.0 1.0  
1143791170 81183.0 15518.0 2753.0 444.0 88.0 13.0 1.0  
1143792809 81401.0 15360.0 2649.0 495.0 92.0 3.0   
1143794447 81016.0 15534.0 2806.0 542.0 100.0 2.0   
1143796085 81101.0 15509.0 2775.0 508.0 94.0 11.0 1.0 1.0 
1143797724 81143.0 15367.0 2936.0 457.0 82.0 14.0 1.0  
1143799362 81237.0 15264.0 2822.0 520.0 106.0 31.0 17.0 3.0 
1143801001 81402.0 15289.0 2648.0 515.0 123.0 19.0 4.0  
1143802639 81325.0 15353.0 2677.0 541.0 95.0 7.0 2.0  
1143804277 81024.0 15611.0 2771.0 477.0 101.0 16.0   
1143805916 80858.0 15531.0 2965.0 547.0 87.0 11.0 1.0  
1143807554 80990.0 15504.0 2887.0 506.0 100.0 12.0 0.0 1.0 
1143809193 81287.0 15432.0 2716.0 471.0 84.0 8.0 2.0  
1143810831 80934.0 15698.0 2733.0 537.0 89.0 8.0 1.0  
1143812469 80815.0 15782.0 2764.0 508.0 113.0 18.0   
1143814108 81595.0 15218.0 2642.0 437.0 93.0 15.0   
1143815746 81050.0 15462.0 2958.0 441.0 68.0 18.0 3.0  
1143817385 81222.0 15390.0 2740.0 569.0 66.0 11.0 2.0  
1143819023 81135.0 15583.0 2707.0 490.0 78.0 7.0   
1143820661 81216.0 15500.0 2694.0 498.0 79.0 13.0   
1143822300 81067.0 15430.0 2864.0 542.0 91.0 5.0 1.0  
1143823938 81157.0 15271.0 2880.0 569.0 104.0 19.0   
1143825577 81439.0 15278.0 2678.0 493.0 101.0 8.0 3.0  
1143827215 80679.0 15909.0 2802.0 524.0 82.0 4.0   
1143828853 81309.0 15309.0 2749.0 522.0 106.0 5.0   
1143830492 81210.0 15442.0 2717.0 501.0 109.0 21.0   
1143832130 80944.0 15654.0 2810.0 489.0 86.0 15.0 2.0  
1143833769 81157.0 15496.0 2719.0 493.0 123.0 11.0 1.0  
1143835407 81211.0 15337.0 2822.0 519.0 93.0 15.0 3.0  
1143837045 80943.0 15626.0 2825.0 492.0 104.0 10.0   
1143838684 80883.0 15589.0 2921.0 503.0 98.0 5.0 1.0  
1143840322 81377.0 15211.0 2815.0 503.0 88.0 4.0 2.0  
1143841961 81318.0 15314.0 2726.0 554.0 74.0 14.0   
1143843599 81109.0 15498.0 2812.0 460.0 110.0 11.0   
1143845237 81449.0 15212.0 2788.0 440.0 97.0 10.0 3.0 1.0 
1143846876 81122.0 15289.0 2854.0 621.0 101.0 13.0   
1143848514 81021.0 15629.0 2781.0 482.0 77.0 9.0 1.0  
1143850153 81300.0 15276.0 2848.0 457.0 100.0 18.0 0.0 1.0 
1143851791 81335.0 15202.0 2877.0 481.0 96.0 8.0 1.0  
1143853429 81091.0 15593.0 2787.0 438.0 74.0 15.0 2.0  
1143855068 81309.0 15176.0 2883.0 513.0 105.0 14.0   
1143856706 81065.0 15551.0 2775.0 475.0 118.0 16.0   
1143858345 81262.0 15369.0 2753.0 511.0 94.0 11.0   
1143859983 80772.0 15587.0 2989.0 548.0 98.0 6.0   
1143861621         
1143863259         
1143864897         
1143866535         
1143868173         
1143869811         
1143871449         
1143873087         
1143874725         
1143876363         
1143878001         
1143879639         
1143881277         
1143882915         
1143884553         
1143886191         
1143887829         
1143889467         
1143891105         
1143892743         
1143894381         
1143896019         
1143897657         
1143899295         
1143900933         
1143902571         
1143904209         
1143905847         
1143907485         
1143909123         
1143910761         
1143912399         
1143914037         
1143915675         
1143917313         
1143918951         
1143920589         
1143922227         
1143923865         
1143925503         
1143927141         
1143928779         
1143930417         
1143932055         
1143933693         
1143935331         
1143936969         
1143938607         
1143940245         
1143941883         
1143943521         
1143945159         
1143946797         
1143948435         
1143950073         
1143951711         
1143953349         
1143954987         
1143956625         
1143958263         
1143959901         
1143961539         
1143962325 81403.0 15377.0 2598.0 493.0 109.0 18.0 2.0  
1143963964 81146.0 15377.0 2792.0 553.0 108.0 19.0 5.0  
1143965602 80683.0 15779.0 2879.0 525.0 121.0 9.0 4.0  
1143967241 81149.0 15478.0 2633.0 592.0 123.0 25.0   
1143968879 81347.0 15380.0 2643.0 533.0 85.0 8.0 4.0  
1143970517 80860.0 15663.0 2791.0 513.0 120.0 35.0 18.0  
1143972156 81112.0 15310.0 2956.0 508.0 105.0 7.0 2.0  
1143973794 80822.0 15693.0 2821.0 550.0 100.0 13.0 1.0  
1143975433 81071.0 15492.0 2857.0 483.0 82.0 15.0   
1143977071 81179.0 15273.0 2843.0 561.0 124.0 15.0 5.0  
1143978709 80195.0 16165.0 2871.0 617.0 127.0 10.0 12.0 3.0 
1143980348 81583.0 15251.0 2631.0 443.0 81.0 10.0 1.0  
1143981986 81239.0 15483.0 2706.0 457.0 104.0 11.0   
1143983625 81190.0 15414.0 2804.0 486.0 90.0 15.0 0.0 1.0 
1143985263 81084.0 15459.0 2743.0 590.0 107.0 14.0 3.0  
1143986901 80831.0 15765.0 2805.0 489.0 90.0 15.0 2.0 3.0 
1143988540 81015.0 15572.0 2723.0 566.0 111.0 12.0 1.0  
1143990178 81170.0 15431.0 2702.0 549.0 125.0 22.0 1.0  
1143991817 81152.0 15539.0 2764.0 464.0 72.0 8.0 1.0  
1143993455 80848.0 15649.0 2847.0 511.0 126.0 12.0 7.0  
1143995093 80983.0 15631.0 2737.0 553.0 86.0 10.0   
1143996732 81323.0 15271.0 2788.0 495.0 97.0 25.0 1.0  
1143998370 81451.0 15301.0 2667.0 490.0 82.0 9.0   
1144000009 81573.0 15171.0 2649.0 511.0 91.0 5.0   
1144001647 81111.0 15639.0 2693.0 473.0 78.0 6.0   
1144003285 81187.0 15437.0 2773.0 477.0 118.0 8.0   
1144004924 81313.0 15332.0 2744.0 507.0 89.0 12.0 2.0 1.0 
1144006562 79433.0 16288.0 3442.0 673.0 142.0 17.0 5.0  
1144008201 81454.0 15278.0 2738.0 454.0 75.0 1.0   
1144009839 80420.0 16044.0 2946.0 501.0 83.0 6.0   
1144011477 81015.0 15553.0 2742.0 524.0 132.0 23.0 6.0 5.0 
1144013116 81317.0 15431.0 2717.0 431.0 99.0 4.0 1.0  
1144014754 81278.0 15305.0 2824.0 507.0 79.0 5.0 2.0  
1144016393 80444.0 15922.0 2932.0 568.0 105.0 25.0 4.0  
1144018031 81307.0 15400.0 2698.0 481.0 97.0 8.0 8.0 1.0 
1144019669 80584.0 15799.0 2946.0 557.0 105.0 8.0 1.0  
1144021308 80495.0 15606.0 3147.0 615.0 113.0 19.0 4.0 1.0 
1144022946 77771.0 17833.0 3626.0 662.0 91.0 15.0 2.0  
1144024585 81466.0 15196.0 2706.0 525.0 88.0 19.0   
1144026223 81121.0 15569.0 2755.0 439.0 104.0 11.0 1.0  
1144027861 81195.0 15516.0 2716.0 474.0 85.0 14.0   
1144029500 81072.0 15614.0 2762.0 444.0 97.0 11.0   
1144031138 80826.0 15562.0 2996.0 485.0 122.0 9.0   
1144032777 81253.0 15359.0 2837.0 447.0 83.0 20.0 1.0  
1144034415 80695.0 15653.0 2968.0 562.0 100.0 19.0 3.0  
1144036053 81446.0 15136.0 2803.0 476.0 113.0 24.0 2.0  
1144037692 81129.0 15286.0 2940.0 529.0 103.0 13.0   
1144039330 81449.0 15354.0 2629.0 474.0 81.0 12.0 1.0  
1144040969 80772.0 15663.0 2946.0 513.0 93.0 11.0 2.0  
1144042607 81236.0 15349.0 2749.0 528.0 110.0 17.0 11.0  
1144044245 81024.0 15617.0 2751.0 500.0 92.0 16.0   
1144045884 81157.0 15420.0 2810.0 518.0 77.0 14.0 4.0  
1144047522 81097.0 15479.0 2817.0 490.0 89.0 15.0 13.0  
1144049161 81138.0 15500.0 2820.0 439.0 98.0 5.0   
1144050799 80671.0 15582.0 3123.0 516.0 98.0 9.0 0.0 1.0 
1144052437 81188.0 15517.0 2745.0 454.0 83.0 10.0 3.0  
1144054076 81016.0 15507.0 2861.0 506.0 92.0 13.0 3.0 1.0 1.0
1144055714 81331.0 15227.0 2769.0 541.0 107.0 17.0 4.0 4.0 
1144057353 80934.0 15635.0 2832.0 487.0 105.0 7.0   
1144058991 81344.0 15338.0 2671.0 529.0 96.0 20.0 2.0  
1144060629         
1144061829 81263.0 15320.0 2805.0 498.0 99.0 13.0 2.0  
1144063468 81358.0 15465.0 2647.0 454.0 62.0 13.0 1.0  
1144065106 81370.0 15348.0 2656.0 497.0 117.0 11.0 1.0  
1144066744 81433.0 15296.0 2736.0 458.0 68.0 9.0   
1144068383 81202.0 15356.0 2830.0 495.0 92.0 23.0 2.0  
1144070021 81501.0 15181.0 2725.0 490.0 84.0 17.0 1.0 1.0 
1144071660 81483.0 15310.0 2590.0 529.0 72.0 15.0 1.0  
1144073298 81265.0 15478.0 2682.0 469.0 83.0 23.0   
1144074936 81097.0 15591.0 2761.0 453.0 89.0 9.0   
1144076575 80898.0 15691.0 2830.0 512.0 61.0 8.0   
1144078213 81341.0 15429.0 2663.0 477.0 80.0 8.0 2.0  
1144079852 81163.0 15588.0 2701.0 460.0 85.0 3.0   
1144081490 81079.0 15227.0 3051.0 536.0 99.0 8.0   
1144083128 81179.0 15434.0 2755.0 527.0 98.0 7.0   
1144084767 81198.0 15534.0 2637.0 525.0 93.0 13.0   
1144086405 81317.0 15334.0 2778.0 470.0 80.0 13.0 7.0 1.0 
1144088044 81287.0 15401.0 2715.0 481.0 104.0 12.0   
1144089682 81086.0 15469.0 2884.0 474.0 73.0 14.0   
1144091320 81365.0 15395.0 2672.0 464.0 94.0 9.0 1.0  
1144092959 81054.0 15679.0 2712.0 458.0 88.0 5.0 4.0  
1144094597 81285.0 15418.0 2706.0 513.0 76.0 2.0   
1144096236 81265.0 15497.0 2660.0 481.0 84.0 10.0 3.0  
1144097874 81068.0 15547.0 2831.0 446.0 101.0 7.0   
1144099512 81508.0 15329.0 2600.0 476.0 80.0 6.0 1.0  
1144101151 81070.0 15547.0 2798.0 478.0 92.0 15.0   
1144102789 81293.0 15222.0 2760.0 608.0 100.0 17.0   
1144104428 81146.0 15557.0 2716.0 493.0 81.0 6.0 1.0  
1144106066 81389.0 15188.0 2805.0 499.0 110.0 7.0 2.0  
1144107704 80336.0 15889.0 3041.0 595.0 119.0 18.0 2.0  
1144109343 81445.0 15217.0 2708.0 493.0 125.0 6.0 5.0 1.0 
1144110981 81125.0 15346.0 2898.0 513.0 101.0 13.0 2.0 2.0 
1144112620 80815.0 15631.0 2893.0 571.0 77.0 12.0 1.0  
1144114258 80625.0 15796.0 2919.0 560.0 87.0 12.0 1.0  
1144115896 81136.0 15478.0 2836.0 462.0 82.0 6.0   
1144117535 80949.0 15574.0 2856.0 515.0 92.0 11.0 3.0  
1144119173 81041.0 15626.0 2769.0 482.0 79.0 3.0   
1144120812 80564.0 15791.0 3020.0 533.0 86.0 6.0   
1144122450 81038.0 15378.0 2901.0 570.0 105.0 8.0   
1144124088 80249.0 16206.0 2883.0 548.0 80.0 31.0 3.0  
1144125727 81515.0 15171.0 2719.0 485.0 88.0 20.0 2.0  
1144127365 81627.0 15065.0 2723.0 492.0 82.0 11.0   
1144129004 81290.0 15383.0 2744.0 497.0 68.0 16.0 2.0  
1144130642 81202.0 15387.0 2795.0 518.0 89.0 8.0 1.0  
1144132280 81474.0 15218.0 2757.0 458.0 86.0 6.0 1.0  
1144133919 81117.0 15480.0 2778.0 533.0 80.0 11.0 1.0  
1144135557 80882.0 15613.0 2897.0 532.0 70.0 6.0   
1144137196 81611.0 15163.0 2645.0 488.0 81.0 12.0   
1144138834 80868.0 15674.0 2808.0 531.0 92.0 26.0 1.0  
1144140472 81397.0 15303.0 2773.0 439.0 80.0 8.0   
1144142111 81141.0 15558.0 2730.0 457.0 97.0 17.0   
1144143749 81461.0 15304.0 2664.0 443.0 108.0 17.0 3.0  
1144145388 81339.0 15334.0 2726.0 502.0 95.0 4.0   
1144147026 81175.0 15402.0 2832.0 473.0 106.0 12.0   
1144148664 80852.0 15482.0 3024.0 543.0 93.0 6.0   
1144150303 81117.0 15526.0 2779.0 485.0 80.0 13.0   
1144151941 81041.0 15574.0 2757.0 535.0 74.0 17.0 2.0  
1144153580 81227.0 15365.0 2779.0 503.0 109.0 17.0   
1144155218 81287.0 15453.0 2762.0 411.0 79.0 8.0   
1144156856 81361.0 15272.0 2708.0 535.0 94.0 30.0   
1144158495 81038.0 15542.0 2878.0 438.0 83.0 21.0   
1144160133         
1144161333 81042.0 15631.0 2684.0 518.0 111.0 13.0 1.0  
1144162971 81370.0 15317.0 2729.0 484.0 82.0 16.0 2.0  
1144164610 81259.0 15333.0 2792.0 526.0 80.0 10.0   
1144166248 81586.0 15250.0 2601.0 466.0 84.0 9.0 3.0 1.0 
1144167887 79584.0 16363.0 3261.0 628.0 146.0 14.0 4.0  
1144169525 80943.0 15384.0 2951.0 596.0 95.0 23.0 6.0 2.0 
1144171163 80900.0 15546.0 2891.0 545.0 96.0 19.0 3.0  
1144172802 81249.0 15388.0 2712.0 509.0 123.0 19.0   
1144174440 81011.0 15562.0 2866.0 458.0 94.0 9.0   
1144176079 81328.0 15212.0 2835.0 536.0 77.0 12.0   
1144177717 81080.0 15479.0 2797.0 549.0 88.0 7.0   
1144179355 81180.0 15566.0 2688.0 477.0 82.0 7.0   
1144180994 81308.0 15362.0 2732.0 485.0 103.0 10.0   
1144182632 81080.0 15357.0 2910.0 535.0 101.0 14.0 3.0  
1144184271 80865.0 15679.0 2827.0 535.0 79.0 13.0 2.0  
1144185909 80959.0 15581.0 2833.0 506.0 101.0 10.0 9.0 1.0 
1144187547 81306.0 15415.0 2720.0 445.0 102.0 8.0 4.0  
1144189186 31.0 66657.0 24404.0 6868.0 1570.0 375.0 74.0 20.0 1.0
1144190824 80840.0 15699.0 2854.0 489.0 109.0 9.0   
1144192463 81176.0 15450.0 2742.0 509.0 113.0 10.0   
1144194101 81332.0 15325.0 2777.0 451.0 103.0 12.0   
1144195739 80956.0 15549.0 2805.0 537.0 140.0 13.0   
1144197378 80760.0 15592.0 2998.0 535.0 109.0 6.0   
1144199016 81188.0 15400.0 2798.0 516.0 80.0 16.0 2.0  
1144200655 80716.0 15850.0 2844.0 468.0 103.0 18.0 1.0  
1144202293 81382.0 15263.0 2757.0 509.0 77.0 11.0 1.0  
1144203931 81219.0 15199.0 2886.0 587.0 95.0 14.0   
1144205570 81108.0 15427.0 2806.0 556.0 97.0 6.0   
1144207208 81128.0 15432.0 2858.0 489.0 77.0 13.0 3.0  
1144208847 81411.0 15322.0 2760.0 420.0 80.0 6.0 1.0  
1144210485 81049.0 15445.0 2877.0 528.0 95.0 6.0   
1144212123 81099.0 15536.0 2677.0 552.0 121.0 14.0 1.0  
1144213762 81147.0 15419.0 2862.0 496.0 70.0 5.0 1.0  
1144215400 81650.0 15035.0 2774.0 445.0 79.0 14.0 3.0  
1144217039 81228.0 15457.0 2757.0 445.0 100.0 12.0 1.0  
1144218677 81421.0 15143.0 2789.0 526.0 106.0 13.0 2.0  
1144220315 81156.0 15395.0 2899.0 459.0 90.0 1.0   
1144221954 81359.0 15466.0 2651.0 419.0 97.0 8.0   
1144223592 81059.0 15518.0 2740.0 565.0 108.0 10.0   
1144225231 76943.0 17495.0 4280.0 1030.0 191.0 49.0 9.0 3.0 
1144226869 81106.0 15546.0 2743.0 513.0 77.0 14.0 1.0  
1144228507 81212.0 15536.0 2693.0 475.0 72.0 12.0   
1144230146 81259.0 15315.0 2807.0 505.0 105.0 9.0   
1144231784 80817.0 15680.0 2820.0 541.0 130.0 12.0   
1144233423 81177.0 15453.0 2765.0 515.0 80.0 10.0   
1144235061 81043.0 15383.0 2906.0 548.0 100.0 17.0 3.0  
1144236699 81266.0 15316.0 2842.0 483.0 77.0 15.0 0.0 1.0 
1144238338 81554.0 15190.0 2733.0 438.0 74.0 9.0 2.0  
1144239976 81151.0 15423.0 2813.0 471.0 124.0 16.0 2.0  
1144241615 81247.0 15247.0 2891.0 520.0 80.0 15.0   
1144243253 81144.0 15499.0 2797.0 461.0 93.0 6.0   
1144244891 81484.0 15224.0 2678.0 497.0 102.0 15.0   
1144246530 80783.0 15708.0 2815.0 545.0 124.0 25.0   
1144248168 80987.0 15478.0 2835.0 559.0 108.0 19.0 12.0 2.0 
1144249807 80936.0 15618.0 2839.0 500.0 95.0 10.0 1.0 1.0 
1144251445 81048.0 15360.0 2889.0 560.0 114.0 27.0 2.0  
1144253083 80941.0 15571.0 2782.0 552.0 133.0 13.0 8.0  
1144254722 81294.0 15375.0 2758.0 485.0 74.0 11.0 2.0 1.0 
1144256360 81640.0 15106.0 2717.0 449.0 80.0 7.0 1.0  
1144257999 81504.0 14988.0 2884.0 519.0 95.0 10.0   
1144259637         
1144260837 81119.0 15313.0 2891.0 556.0 112.0 9.0   
1144262475 81152.0 15345.0 2871.0 523.0 98.0 11.0   
1144264114 80808.0 15694.0 2850.0 562.0 77.0 9.0   
1144265752 81452.0 15144.0 2762.0 509.0 120.0 12.0 1.0  
1144267390 81103.0 15380.0 2870.0 533.0 96.0 14.0 4.0  
1144269029 81302.0 15280.0 2856.0 474.0 80.0 8.0   
1144270667 81165.0 15418.0 2782.0 496.0 119.0 17.0 3.0  
1144272306 81270.0 15405.0 2757.0 467.0 90.0 7.0 3.0 1.0 
1144273944 81091.0 15454.0 2768.0 525.0 140.0 12.0 4.0 4.0 2.0
1144275582 81336.0 15271.0 2829.0 468.0 83.0 12.0 1.0  
1144277221 80605.0 15806.0 3017.0 506.0 64.0 2.0   
1144278859 75993.0 18505.0 4227.0 984.0 221.0 54.0 10.0 6.0 
1144280498 80750.0 15517.0 3029.0 571.0 123.0 10.0   
1144282136 80972.0 15585.0 2782.0 523.0 133.0 5.0   
1144283774 81533.0 15150.0 2757.0 491.0 65.0 4.0   
1144285413 81180.0 15425.0 2797.0 507.0 81.0 8.0 1.0 1.0 
1144287051 81494.0 15279.0 2600.0 512.0 94.0 18.0 3.0  
1144288690 81314.0 15385.0 2750.0 484.0 63.0 4.0   
1144290328 81180.0 15426.0 2804.0 516.0 68.0 5.0 1.0  
1144291966 81689.0 14945.0 2713.0 541.0 108.0 4.0   
1144293605 80552.0 15840.0 2938.0 503.0 135.0 27.0 5.0  
1144295243 80793.0 15740.0 2821.0 536.0 104.0 5.0 0.0 1.0 
1144296882 81194.0 15535.0 2659.0 517.0 83.0 11.0 1.0  
1144298520 81107.0 15538.0 2792.0 453.0 97.0 10.0 3.0  
1144300158 81077.0 15671.0 2681.0 457.0 94.0 17.0 3.0  
1144301797 81115.0 15393.0 2823.0 551.0 105.0 11.0 2.0  
1144303435 80772.0 15675.0 2916.0 530.0 88.0 16.0 3.0  
1144305074 81001.0 15466.0 2852.0 582.0 92.0 7.0   
1144306712 81010.0 15577.0 2774.0 533.0 92.0 11.0 3.0  
1144308350 80982.0 15550.0 2839.0 498.0 117.0 13.0 1.0  
1144309989 80937.0 15556.0 2921.0 487.0 90.0 9.0   
1144311627 81655.0 14937.0 2823.0 491.0 92.0 2.0   
1144313266 81101.0 15456.0 2882.0 474.0 81.0 5.0 1.0  
1144314904 81249.0 15463.0 2673.0 521.0 86.0 8.0   
1144316542 81429.0 15307.0 2662.0 481.0 111.0 10.0   
1144318181 81288.0 15398.0 2752.0 470.0 77.0 12.0 3.0  
1144319819 81424.0 14979.0 2908.0 577.0 91.0 13.0 8.0  
1144321458 81221.0 15311.0 2796.0 534.0 122.0 15.0 1.0  
1144323096 80884.0 15516.0 2958.0 525.0 108.0 8.0 1.0  
1144324734 80294.0 16076.0 2904.0 602.0 97.0 25.0 2.0  
1144326373 81094.0 15482.0 2743.0 561.0 100.0 18.0 2.0  
1144328011 81076.0 15562.0 2818.0 455.0 78.0 11.0   
1144329650 81194.0 15310.0 2823.0 519.0 124.0 26.0 4.0  
1144331288 80665.0 15802.0 2917.0 519.0 84.0 13.0   
1144332926 81274.0 15329.0 2767.0 510.0 112.0 5.0 2.0 1.0 
1144334565 81736.0 15002.0 2658.0 479.0 100.0 24.0 1.0  
1144336203 81240.0 15426.0 2724.0 487.0 102.0 21.0   
1144337842 80953.0 15558.0 2848.0 549.0 84.0 7.0 1.0  
1144339480 81159.0 15419.0 2904.0 426.0 78.0 13.0 1.0  
1144341118 81280.0 15366.0 2762.0 481.0 87.0 23.0 1.0  
1144342757 80526.0 15954.0 2898.0 527.0 84.0 11.0   
1144344395 80912.0 15461.0 2977.0 548.0 80.0 20.0 1.0 1.0 
1144346034 81152.0 15585.0 2695.0 467.0 94.0 7.0   
1144347672 81261.0 15342.0 2831.0 468.0 88.0 10.0   
1144349310 81433.0 15183.0 2752.0 522.0 101.0 9.0   
1144350949 81321.0 15370.0 2714.0 493.0 85.0 13.0 3.0 1.0 
1144352587 81138.0 15499.0 2802.0 455.0 94.0 9.0 3.0  
1144354226 81363.0 15345.0 2709.0 476.0 96.0 11.0   
1144355864 81155.0 15307.0 2901.0 515.0 106.0 11.0 5.0  
1144357502 81312.0 15306.0 2861.0 426.0 85.0 8.0 2.0  
1144359140         
1144360341 80921.0 15504.0 2894.0 532.0 124.0 21.0 4.0  
1144361980 81320.0 15140.0 2877.0 563.0 90.0 7.0 3.0  
1144363618 81024.0 15630.0 2806.0 466.0 69.0 5.0   
1144365257 81261.0 15447.0 2694.0 488.0 104.0 5.0 1.0  
1144366895 80948.0 15608.0 2776.0 539.0 123.0 6.0   
1144368533 81448.0 15262.0 2696.0 482.0 105.0 7.0   
1144370172 81395.0 15348.0 2698.0 441.0 106.0 12.0   
1144371810 80722.0 15802.0 2862.0 493.0 93.0 28.0   
1144373449 81333.0 15151.0 2824.0 526.0 133.0 26.0 7.0  
1144375087 81177.0 15350.0 2835.0 534.0 101.0 3.0   
1144376725 81015.0 15544.0 2866.0 493.0 77.0 5.0   
1144378364 81016.0 15394.0 2871.0 591.0 102.0 25.0 1.0  
1144380002 80839.0 15755.0 2758.0 516.0 109.0 20.0 3.0  
1144381641 80781.0 15790.0 2762.0 548.0 103.0 16.0   
1144383279 80972.0 15698.0 2706.0 453.0 116.0 38.0 17.0  
1144384917 81357.0 15169.0 2868.0 509.0 87.0 10.0   
1144386556 80770.0 15721.0 2895.0 502.0 101.0 10.0 1.0  
1144388194 80888.0 15566.0 2853.0 552.0 112.0 23.0 6.0  
1144389833 81270.0 15247.0 2903.0 473.0 96.0 11.0   
1144391471 81126.0 15508.0 2758.0 502.0 95.0 11.0   
1144393109 81109.0 15530.0 2825.0 417.0 107.0 11.0 1.0  
1144394748 80657.0 15876.0 2866.0 523.0 73.0 4.0 1.0  
1144396386 80825.0 15485.0 3017.0 541.0 105.0 17.0 6.0 4.0 
1144398025 81121.0 15380.0 2899.0 493.0 84.0 18.0 5.0  
1144399663 81081.0 15530.0 2822.0 499.0 66.0 2.0   
1144401301 80999.0 15499.0 2848.0 537.0 102.0 15.0   
1144402940 80932.0 15682.0 2808.0 483.0 84.0 10.0 1.0  
1144404578 80817.0 15557.0 2943.0 571.0 97.0 14.0 1.0  
1144406217 81110.0 15451.0 2811.0 541.0 80.0 7.0   
1144407855 80734.0 15828.0 2794.0 534.0 103.0 6.0 1.0  
1144409493 81140.0 15233.0 2945.0 562.0 106.0 13.0 1.0  
1144411132 80791.0 15853.0 2782.0 489.0 76.0 9.0   
1144412770 81366.0 15421.0 2670.0 443.0 92.0 8.0   
1144414409 81214.0 15380.0 2786.0 496.0 108.0 13.0 2.0 0.0 1.0
1144416047 80969.0 15550.0 2848.0 535.0 88.0 10.0   
1144417685 81249.0 15423.0 2765.0 469.0 81.0 12.0 1.0  
1144419324 81078.0 15538.0 2809.0 500.0 69.0 6.0   
1144420962 81281.0 15405.0 2721.0 488.0 93.0 12.0   
1144422601 80646.0 15672.0 2966.0 603.0 106.0 7.0   
1144424239 81700.0 15160.0 2521.0 506.0 101.0 10.0 2.0  
1144425877 81353.0 15217.0 2797.0 495.0 111.0 23.0 3.0 1.0 
1144427516 81416.0 15194.0 2759.0 519.0 94.0 15.0 3.0  
1144429154 81654.0 15080.0 2684.0 485.0 86.0 11.0   
1144430793 81468.0 15187.0 2786.0 467.0 75.0 15.0 2.0  
1144432431 81255.0 15342.0 2743.0 554.0 90.0 16.0   
1144434069 81414.0 15138.0 2829.0 481.0 118.0 18.0 2.0  
1144435708 81123.0 15484.0 2790.0 496.0 90.0 15.0 2.0  
1144437346 80464.0 16008.0 2896.0 522.0 104.0 6.0   
1144438985 80808.0 15671.0 2813.0 616.0 84.0 8.0   
1144440623 81157.0 15457.0 2803.0 479.0 95.0 8.0 1.0  
1144442261 81396.0 15292.0 2717.0 457.0 117.0 21.0   
1144443900 81304.0 15194.0 2852.0 530.0 111.0 9.0   
1144445538 81153.0 15452.0 2783.0 497.0 94.0 20.0 1.0  
1144447177 80850.0 15578.0 2919.0 537.0 101.0 15.0   
1144448815 80164.0 16113.0 3076.0 530.0 103.0 13.0 1.0  
1144450453 81626.0 15200.0 2695.0 387.0 76.0 15.0 1.0  
1144452092 81302.0 15316.0 2752.0 527.0 92.0 10.0 1.0  
1144453730 81214.0 15541.0 2693.0 473.0 74.0 5.0   
1144455369 81282.0 15271.0 2799.0 524.0 87.0 22.0 13.0 2.0 
1144457007 81437.0 15190.0 2692.0 544.0 122.0 13.0 2.0  
1144458645         
1144459845 81072.0 15532.0 2732.0 539.0 110.0 13.0 2.0  
1144461484 80932.0 15475.0 2935.0 553.0 93.0 10.0 2.0  
1144463122 80897.0 15527.0 2885.0 572.0 103.0 16.0   
1144464761 81192.0 15358.0 2877.0 490.0 77.0 6.0   
1144466399 81098.0 15396.0 2744.0 616.0 135.0 10.0 1.0  
1144468037 81333.0 15246.0 2829.0 494.0 79.0 15.0 4.0  
1144469676 81374.0 15223.0 2750.0 542.0 102.0 9.0   
1144471314 81405.0 15375.0 2634.0 471.0 98.0 14.0 3.0  
1144472953 81135.0 15471.0 2776.0 509.0 99.0 10.0   
1144474591 81446.0 15229.0 2755.0 475.0 80.0 11.0 4.0  
1144476229 81361.0 15143.0 2863.0 497.0 121.0 11.0 4.0  
1144477868 81426.0 15519.0 2534.0 436.0 81.0 4.0   
1144479506 81402.0 15238.0 2764.0 509.0 82.0 5.0   
1144481145 81240.0 15526.0 2676.0 455.0 100.0 3.0   
1144482783 80888.0 15673.0 2823.0 525.0 83.0 7.0 1.0  
1144484421 80820.0 15811.0 2792.0 493.0 78.0 6.0   
1144486060 80902.0 15513.0 2975.0 492.0 99.0 17.0 2.0  
1144487698 81145.0 15497.0 2759.0 503.0 83.0 13.0   
1144489337 81286.0 15314.0 2744.0 548.0 94.0 9.0 4.0 1.0 
1144490975 81439.0 15328.0 2688.0 442.0 84.0 15.0 3.0 1.0 
1144492613 81100.0 15605.0 2704.0 517.0 70.0 4.0   
1144494252 81092.0 15476.0 2835.0 516.0 78.0 3.0   
1144495890 81152.0 15425.0 2782.0 537.0 88.0 13.0 3.0  
1144497529 81329.0 15097.0 2891.0 574.0 100.0 8.0 1.0  
1144499167 81087.0 15452.0 2847.0 491.0 110.0 13.0   
1144500805 81253.0 15446.0 2733.0 474.0 87.0 6.0 1.0  
1144502444 81408.0 15328.0 2614.0 517.0 115.0 10.0 6.0 2.0 
1144504082 81492.0 15403.0 2586.0 443.0 74.0 1.0 1.0  
1144505721 81200.0 15453.0 2720.0 505.0 107.0 14.0 1.0  
1144507359 81338.0 15308.0 2767.0 501.0 83.0 3.0   
1144508997 81091.0 15439.0 2889.0 480.0 84.0 9.0 8.0  
1144510636 81339.0 15384.0 2670.0 504.0 91.0 12.0   
1144512274 81148.0 15615.0 2710.0 442.0 76.0 8.0 1.0  
1144513913 79776.0 16246.0 3172.0 629.0 148.0 27.0 2.0  
1144515551 81175.0 15422.0 2783.0 517.0 91.0 10.0 2.0  
1144517189 81118.0 15419.0 2812.0 518.0 121.0 11.0 1.0  
1144518828 81293.0 15477.0 2623.0 499.0 77.0 30.0 1.0  
1144520466 81028.0 15582.0 2748.0 494.0 127.0 17.0 3.0 1.0 
1144522105 81074.0 15318.0 2869.0 606.0 102.0 28.0 3.0  
1144523743 81083.0 15590.0 2737.0 519.0 65.0 6.0   
1144525381 81233.0 15322.0 2774.0 529.0 122.0 16.0 4.0  
1144527020 80759.0 15801.0 2911.0 435.0 87.0 7.0   
1144528658 80985.0 15637.0 2733.0 522.0 110.0 10.0 2.0 1.0 
1144530297 80972.0 15654.0 2789.0 491.0 86.0 7.0 1.0  
1144531935 81084.0 15577.0 2733.0 496.0 101.0 7.0 2.0  
1144533573 81414.0 15292.0 2751.0 440.0 95.0 8.0   
1144535212 80679.0 15778.0 2936.0 501.0 93.0 10.0 3.0  
1144536850 81037.0 15645.0 2752.0 471.0 84.0 11.0   
1144538489 81126.0 15556.0 2744.0 466.0 96.0 12.0   
1144540127 80989.0 15512.0 2871.0 529.0 87.0 12.0   
1144541765 81264.0 15353.0 2744.0 521.0 105.0 11.0 2.0  
1144543404 81222.0 15378.0 2791.0 531.0 69.0 7.0 2.0  
1144545042 80004.0 16059.0 3138.0 663.0 114.0 21.0 1.0  
1144546681 81473.0 15153.0 2753.0 519.0 87.0 15.0   
1144548319 81067.0 15416.0 2876.0 506.0 116.0 18.0 1.0  
1144549957 81129.0 15579.0 2709.0 496.0 66.0 20.0 1.0  
1144551596 81059.0 15552.0 2783.0 523.0 67.0 16.0   
1144553234 80607.0 15730.0 2945.0 589.0 100.0 25.0 4.0  
1144554873 81268.0 15298.0 2846.0 495.0 86.0 7.0   
1144556511 81366.0 15172.0 2817.0 542.0 95.0 8.0   
1144558149         
1144559349 80512.0 15793.0 3058.0 539.0 79.0 14.0 3.0 2.0 
1144560988 80734.0 15802.0 2764.0 555.0 127.0 15.0 3.0  
1144562626 81203.0 15449.0 2772.0 496.0 72.0 7.0 1.0  
1144564264 80655.0 15620.0 3024.0 536.0 123.0 24.0 18.0  
1144565903 80899.0 15634.0 2839.0 501.0 111.0 13.0 3.0  
1144567541 80458.0 15754.0 3065.0 596.0 112.0 15.0   
1144569180 81146.0 15305.0 2940.0 506.0 86.0 16.0 1.0  
1144570818 80985.0 15573.0 2753.0 552.0 114.0 14.0 4.0 2.0 3.0
1144572456 81117.0 15429.0 2816.0 501.0 122.0 14.0 1.0  
1144574095 81042.0 15547.0 2827.0 475.0 95.0 12.0 2.0  
1144575733 81536.0 15203.0 2668.0 485.0 103.0 5.0   
1144577372 81134.0 15426.0 2829.0 503.0 103.0 5.0   
1144579010 81226.0 15414.0 2769.0 474.0 99.0 17.0 1.0  
1144580648 81258.0 15479.0 2707.0 444.0 100.0 12.0   
1144582287 81288.0 15261.0 2826.0 504.0 102.0 18.0 1.0  
1144583925 81059.0 15581.0 2756.0 485.0 111.0 7.0 1.0  
1144585564 81298.0 15484.0 2661.0 467.0 84.0 6.0   
1144587202 80993.0 15599.0 2784.0 536.0 82.0 6.0   
1144588840 80805.0 15721.0 2866.0 512.0 79.0 12.0 5.0  
1144590479 81156.0 15548.0 2676.0 516.0 92.0 11.0 1.0  
1144592117 81210.0 15380.0 2729.0 551.0 109.0 18.0 3.0  
1144593756 81434.0 15227.0 2782.0 473.0 73.0 10.0 1.0  
1144595394 81084.0 15598.0 2782.0 448.0 86.0 2.0   
1144597032 81438.0 15386.0 2656.0 441.0 74.0 5.0   
1144598671 81320.0 15368.0 2804.0 456.0 46.0 5.0 1.0  
1144600309 80927.0 15561.0 2816.0 544.0 125.0 22.0 5.0  
1144601948 81273.0 15317.0 2763.0 525.0 114.0 7.0 1.0  
1144603586 80719.0 15753.0 2857.0 566.0 96.0 9.0   
1144605224 80480.0 15800.0 3041.0 558.0 111.0 10.0   
1144606863 81329.0 15272.0 2813.0 458.0 113.0 12.0 0.0 3.0 
1144608501 81344.0 15366.0 2709.0 482.0 87.0 9.0 3.0  
1144610140 81055.0 15530.0 2748.0 568.0 90.0 8.0 1.0  
1144611778 80797.0 15643.0 2952.0 502.0 96.0 10.0   
1144613416 80819.0 15465.0 3007.0 563.0 139.0 7.0   
1144615055 81219.0 15345.0 2849.0 486.0 93.0 8.0   
1144616693 81200.0 15447.0 2774.0 484.0 85.0 8.0 2.0  
1144618332 81376.0 15378.0 2691.0 473.0 78.0 4.0   
1144619970 80998.0 15636.0 2772.0 514.0 77.0 3.0   
1144621608 80726.0 15754.0 2885.0 523.0 107.0 5.0   
1144623247 81257.0 15452.0 2682.0 506.0 97.0 5.0 1.0  
1144624885 81317.0 15429.0 2641.0 495.0 101.0 17.0   
1144626524 81198.0 15417.0 2828.0 461.0 72.0 22.0 2.0  
1144628162 81490.0 15186.0 2729.0 484.0 93.0 18.0   
1144629800 80699.0 15584.0 3000.0 578.0 126.0 12.0 1.0  
1144631439 81348.0 15207.0 2782.0 556.0 91.0 14.0 2.0  
1144633077 81403.0 15236.0 2758.0 505.0 87.0 10.0 1.0  
1144634716 81016.0 15506.0 2850.0 516.0 99.0 11.0 2.0  
1144636354 81197.0 15442.0 2760.0 517.0 72.0 12.0   
1144637992 81308.0 15259.0 2765.0 535.0 97.0 34.0 2.0  
1144639631 81203.0 15257.0 2938.0 512.0 78.0 11.0 1.0  
1144641269 80942.0 15580.0 2874.0 509.0 84.0 9.0 1.0 1.0 
1144642908 81415.0 15152.0 2801.0 503.0 120.0 8.0 0.0 1.0 
1144644546 80795.0 15694.0 2874.0 529.0 102.0 6.0   
1144646184 81224.0 15631.0 2588.0 452.0 99.0 5.0 1.0  
1144647823 81402.0 15141.0 2812.0 518.0 112.0 15.0   
1144649461 81414.0 15211.0 2734.0 534.0 91.0 16.0   
1144651100 81120.0 15512.0 2779.0 475.0 107.0 6.0 1.0  
1144652738 81294.0 15256.0 2786.0 540.0 111.0 11.0 2.0  
1144654376 81263.0 15420.0 2816.0 427.0 70.0 4.0   
1144656015 80919.0 15484.0 2960.0 528.0 98.0 10.0 1.0  
