 0 1 2 3 4 5 6 7 8 9
1143763317 84060.0 13428.0 2133.0 317.0 55.0 7.0    
1143764956 84605.0 13170.0 1904.0 269.0 49.0 3.0    
1143766594 84143.0 13533.0 1956.0 292.0 63.0 13.0    
1143768233 64858.0 26774.0 6605.0 1372.0 305.0 74.0 11.0 1.0  
1143769871 84459.0 13284.0 1901.0 315.0 36.0 5.0    
1143771509 84092.0 13446.0 2111.0 276.0 67.0 7.0 1.0   
1143773148 84537.0 13089.0 2009.0 311.0 47.0 5.0 2.0   
1143774786 84748.0 12973.0 1940.0 298.0 32.0 9.0    
1143776425 84394.0 13163.0 2055.0 337.0 45.0 6.0    
1143778063 84482.0 13072.0 2061.0 313.0 53.0 19.0    
1143779701 84508.0 13200.0 1984.0 281.0 25.0 2.0    
1143781340 84670.0 13089.0 1864.0 302.0 59.0 12.0 4.0   
1143782978 85144.0 12760.0 1829.0 220.0 34.0 13.0    
1143784617 84256.0 13277.0 2069.0 329.0 62.0 7.0    
1143786255 83490.0 13755.0 2281.0 382.0 81.0 11.0    
1143787893 83700.0 13775.0 2061.0 384.0 72.0 8.0    
1143789532 81620.0 15094.0 2676.0 485.0 103.0 18.0 4.0   
1143791170 84201.0 13472.0 1928.0 323.0 64.0 11.0 1.0   
1143792809 84031.0 13460.0 2129.0 319.0 58.0 3.0    
1143794447 83556.0 13813.0 2209.0 354.0 58.0 9.0 1.0   
1143796085 83872.0 13600.0 2109.0 361.0 52.0 5.0 1.0   
1143797724 84089.0 13440.0 2056.0 348.0 58.0 9.0    
1143799362 81857.0 15028.0 2619.0 417.0 66.0 13.0    
1143801001 83911.0 13614.0 2105.0 316.0 52.0 2.0    
1143802639 84068.0 13519.0 2022.0 310.0 68.0 11.0 2.0   
1143804277 77369.0 17642.0 3983.0 838.0 143.0 24.0 1.0   
1143805916 84216.0 13465.0 1950.0 308.0 54.0 7.0    
1143807554 83899.0 13600.0 2126.0 330.0 43.0 2.0    
1143809193 84060.0 13463.0 2090.0 341.0 40.0 6.0    
1143810831 599.0 71385.0 21804.0 4931.0 1008.0 229.0 41.0 3.0  
1143812469 84707.0 13067.0 1916.0 252.0 52.0 6.0    
1143814108 73035.0 20815.0 4789.0 1114.0 192.0 55.0    
1143815746 82014.0 14816.0 2671.0 431.0 55.0 13.0    
1143817385 83388.0 13890.0 2302.0 361.0 52.0 7.0    
1143819023 84348.0 13340.0 1971.0 297.0 42.0 1.0 1.0   
1143820661 84343.0 13208.0 2060.0 322.0 57.0 8.0 2.0   
1143822300 84310.0 13425.0 1931.0 296.0 35.0 3.0    
1143823938 77513.0 17912.0 3737.0 687.0 118.0 30.0 3.0   
1143825577 84039.0 13396.0 2192.0 315.0 55.0 3.0    
1143827215 84252.0 13290.0 2078.0 310.0 62.0 8.0    
1143828853 55750.0 33026.0 8844.0 1946.0 375.0 52.0 7.0   
1143830492 84714.0 13173.0 1809.0 258.0 46.0     
1143832130 76326.0 18833.0 3922.0 765.0 126.0 27.0 1.0   
1143833769 84233.0 13345.0 2008.0 350.0 53.0 11.0    
1143835407 84705.0 13017.0 1908.0 317.0 49.0 4.0    
1143837045 84101.0 13287.0 2142.0 403.0 60.0 6.0 1.0   
1143838684 84168.0 13481.0 2052.0 260.0 34.0 5.0    
1143840322 84344.0 13284.0 2001.0 305.0 57.0 9.0    
1143841961 84036.0 13408.0 2154.0 371.0 31.0     
1143843599 84092.0 13465.0 2098.0 303.0 38.0 4.0    
1143845237 83988.0 13493.0 2061.0 375.0 78.0 5.0    
1143846876 84543.0 12974.0 2036.0 372.0 60.0 13.0 2.0   
1143848514 79288.0 16753.0 3206.0 630.0 97.0 24.0 2.0   
1143850153 3770.0 69526.0 20918.0 4651.0 908.0 191.0 29.0 5.0 2.0 
1143851791 84264.0 13429.0 1959.0 312.0 34.0 2.0    
1143853429 83578.0 13803.0 2208.0 346.0 64.0 1.0    
1143855068 84134.0 13401.0 2034.0 352.0 71.0 8.0    
1143856706 83737.0 13603.0 2188.0 379.0 85.0 8.0    
1143858345 84256.0 13313.0 2053.0 309.0 58.0 11.0    
1143859983 84228.0 13332.0 2010.0 343.0 68.0 19.0    
1143861621          
1143863259          
1143864897          
1143866535          
1143868173          
1143869811          
1143871449          
1143873087          
1143874725          
1143876363          
1143878001          
1143879639          
1143881277          
1143882915          
1143884553          
1143886191          
1143887829          
1143889467          
1143891105          
1143892743          
1143894381          
1143896019          
1143897657          
1143899295          
1143900933          
1143902571          
1143904209          
1143905847          
1143907485          
1143909123          
1143910761          
1143912399          
1143914037          
1143915675          
1143917313          
1143918951          
1143920589          
1143922227          
1143923865          
1143925503          
1143927141          
1143928779          
1143930417          
1143932055          
1143933693          
1143935331          
1143936969          
1143938607          
1143940245          
1143941883          
1143943521          
1143945159          
1143946797          
1143948435          
1143950073          
1143951711          
1143953349          
1143954987          
1143956625          
1143958263          
1143959901          
1143961539          
1143962325 83994.0 13487.0 2160.0 288.0 65.0 6.0    
1143963964 2252.0 68804.0 22258.0 5237.0 1119.0 261.0 42.0 20.0 6.0 1.0
1143965602 84411.0 13267.0 1964.0 312.0 35.0 11.0    
1143967241 84434.0 13238.0 1947.0 340.0 38.0 3.0    
1143968879 83928.0 13495.0 2188.0 330.0 56.0 2.0 1.0   
1143970517 84265.0 13414.0 1990.0 291.0 35.0 5.0    
1143972156 84517.0 13062.0 2045.0 307.0 63.0 5.0 1.0   
1143973794 84469.0 13294.0 1869.0 327.0 38.0 3.0    
1143975433 84350.0 13178.0 2029.0 356.0 70.0 17.0    
1143977071 84163.0 13440.0 1994.0 348.0 45.0 7.0 3.0   
1143978709 84186.0 13313.0 2082.0 354.0 56.0 9.0    
1143980348 84404.0 13232.0 1976.0 339.0 41.0 8.0    
1143981986 81855.0 15001.0 2629.0 375.0 106.0 28.0 3.0 3.0  
1143983625 81561.0 15356.0 2584.0 421.0 74.0 4.0    
1143985263 84633.0 13032.0 1979.0 297.0 51.0 8.0    
1143986901 84140.0 13247.0 2170.0 385.0 56.0 2.0    
1143988540 84460.0 13232.0 1996.0 278.0 28.0 5.0 1.0   
1143990178 0.0 71887.0 21801.0 5012.0 1064.0 180.0 43.0 7.0 6.0 
1143991817 83603.0 13852.0 2125.0 354.0 61.0 5.0    
1143993455 80070.0 16036.0 3161.0 601.0 108.0 18.0 6.0   
1143995093 83906.0 13630.0 2080.0 328.0 46.0 10.0    
1143996732 84245.0 13200.0 2111.0 396.0 41.0 7.0    
1143998370 84192.0 13439.0 2053.0 282.0 32.0 2.0    
1144000009 84454.0 13095.0 2072.0 323.0 51.0 5.0    
1144001647 13.0 71854.0 21832.0 5072.0 1039.0 169.0 19.0 1.0 1.0 
1144003285 83818.0 13518.0 2210.0 359.0 77.0 16.0 2.0   
1144004924 83655.0 13785.0 2123.0 334.0 81.0 21.0 1.0   
1144006562 84395.0 13238.0 2021.0 290.0 54.0 2.0    
1144008201 83478.0 13918.0 2212.0 325.0 60.0 7.0    
1144009839 83727.0 13678.0 2158.0 358.0 69.0 10.0    
1144011477 84316.0 13352.0 1961.0 316.0 51.0 4.0    
1144013116 83703.0 13805.0 2118.0 320.0 48.0 6.0    
1144014754 84099.0 13447.0 2009.0 373.0 66.0 5.0 1.0   
1144016393 84350.0 13307.0 2009.0 290.0 39.0 5.0    
1144018031 84374.0 13292.0 1986.0 305.0 43.0     
1144019669 37932.0 45131.0 13103.0 3023.0 624.0 169.0 18.0   
1144021308 83393.0 13874.0 2285.0 371.0 57.0 13.0 7.0   
1144022946 61160.0 29248.0 7700.0 1555.0 273.0 61.0 3.0   
1144024585 83000.0 14135.0 2346.0 435.0 70.0 14.0    
1144026223 20.0 71939.0 21725.0 5021.0 1029.0 225.0 39.0 2.0  
1144027861 84200.0 13392.0 2054.0 301.0 41.0 12.0    
1144029500 51383.0 35851.0 10007.0 2216.0 445.0 86.0 12.0   
1144031138 18260.0 59183.0 17608.0 3991.0 775.0 164.0 16.0 2.0 1.0 
1144032777 84533.0 13031.0 2045.0 325.0 60.0 6.0    
1144034415 84335.0 13377.0 1912.0 334.0 38.0 4.0    
1144036053 65790.0 26041.0 6384.0 1404.0 298.0 74.0 9.0   
1144037692 83253.0 14017.0 2215.0 391.0 95.0 25.0 4.0   
1144039330 84416.0 13178.0 2030.0 321.0 46.0 8.0 1.0   
1144040969 82460.0 14676.0 2382.0 408.0 70.0 3.0 1.0   
1144042607 83924.0 13548.0 2157.0 317.0 46.0 8.0    
1144044245 78227.0 17489.0 3541.0 601.0 108.0 28.0 6.0   
1144045884 84179.0 13489.0 1970.0 299.0 56.0 6.0 1.0   
1144047522 84618.0 13048.0 1923.0 342.0 60.0 9.0    
1144049161 84319.0 13230.0 2066.0 331.0 50.0 4.0    
1144050799 84681.0 13120.0 1844.0 299.0 52.0 3.0 1.0   
1144052437 84307.0 13249.0 2085.0 309.0 50.0     
1144054076 84377.0 13312.0 1952.0 319.0 34.0 6.0    
1144055714 84404.0 13225.0 2017.0 309.0 40.0 5.0    
1144057353 84624.0 13042.0 1965.0 321.0 40.0 8.0    
1144058991 84700.0 12988.0 1973.0 296.0 43.0     
1144060629          
1144061829 83404.0 14086.0 2099.0 341.0 66.0 3.0 1.0   
1144063468 55380.0 33478.0 8726.0 1871.0 468.0 66.0 10.0 1.0  
1144065106 6100.0 67103.0 20858.0 4780.0 904.0 203.0 43.0 9.0  
1144066744 84446.0 13227.0 1954.0 312.0 49.0 11.0 1.0   
1144068383 84173.0 13417.0 2022.0 327.0 53.0 8.0    
1144070021 83645.0 13904.0 2067.0 330.0 49.0 5.0    
1144071660 84037.0 13619.0 1989.0 296.0 57.0 2.0    
1144073298 81580.0 14937.0 2720.0 580.0 130.0 35.0 16.0 2.0  
1144074936 84666.0 12924.0 2003.0 367.0 35.0 5.0    
1144076575 84296.0 13338.0 1973.0 326.0 63.0 2.0 2.0   
1144078213 84561.0 13196.0 1879.0 320.0 34.0 9.0 1.0   
1144079852 83768.0 13788.0 2114.0 268.0 58.0 4.0    
1144081490 84272.0 13197.0 2190.0 265.0 63.0 12.0 1.0   
1144083128 46007.0 39714.0 10986.0 2593.0 577.0 109.0 13.0 1.0  
1144084767 84512.0 13144.0 1979.0 313.0 49.0 3.0    
1144086405 83782.0 13739.0 2103.0 324.0 48.0 4.0    
1144088044 84174.0 13302.0 2071.0 349.0 96.0 8.0    
1144089682 52078.0 36110.0 9322.0 2074.0 328.0 73.0 9.0 6.0  
1144091320 81201.0 15456.0 2809.0 447.0 80.0 7.0    
1144092959 84016.0 13612.0 1959.0 353.0 47.0 10.0 3.0   
1144094597 84422.0 13177.0 2069.0 276.0 51.0 4.0 1.0   
1144096236 84145.0 13387.0 2096.0 339.0 32.0 1.0    
1144097874 84005.0 13531.0 2045.0 358.0 61.0     
1144099512 81616.0 15108.0 2698.0 484.0 83.0 11.0    
1144101151 80285.0 16022.0 3009.0 563.0 109.0 12.0    
1144102789 72366.0 21455.0 4926.0 1022.0 209.0 21.0 1.0   
1144104428 84438.0 13111.0 2077.0 340.0 23.0 11.0    
1144106066 81671.0 15124.0 2689.0 430.0 76.0 10.0    
1144107704 84170.0 13418.0 2016.0 328.0 63.0 4.0 1.0   
1144109343 84565.0 13207.0 1874.0 283.0 63.0 8.0    
1144110981 83784.0 13624.0 2099.0 413.0 71.0 9.0    
1144112620 84542.0 13088.0 2004.0 306.0 52.0 8.0    
1144114258 84289.0 13279.0 2003.0 339.0 77.0 12.0 1.0   
1144115896 83461.0 13978.0 2129.0 343.0 78.0 9.0 2.0   
1144117535 83581.0 13683.0 2221.0 444.0 62.0 9.0    
1144119173 84341.0 13355.0 1951.0 317.0 29.0 7.0    
1144120812 58824.0 30804.0 8003.0 1916.0 370.0 73.0 10.0   
1144122450 3.0 71401.0 22279.0 5103.0 988.0 189.0 32.0 5.0  
1144124088 84330.0 13192.0 2122.0 295.0 60.0 1.0    
1144125727 45832.0 39819.0 11132.0 2531.0 514.0 135.0 35.0 2.0  
1144127365 82388.0 14743.0 2436.0 393.0 37.0 3.0    
1144129004 0.0 71418.0 22027.0 5185.0 1112.0 226.0 28.0 3.0 1.0 
1144130642 84450.0 13182.0 2002.0 319.0 44.0 3.0    
1144132280 84325.0 13294.0 1951.0 382.0 43.0 5.0    
1144133919 84264.0 13407.0 1980.0 298.0 45.0 4.0 2.0   
1144135557 84116.0 13466.0 2009.0 353.0 50.0 6.0    
1144137196 82148.0 14805.0 2424.0 524.0 75.0 22.0 2.0   
1144138834 84499.0 13137.0 1962.0 340.0 58.0 4.0    
1144140472 84624.0 13157.0 1881.0 290.0 43.0 5.0    
1144142111 75416.0 19532.0 4058.0 861.0 121.0 10.0 1.0 1.0  
1144143749 84511.0 13125.0 1944.0 352.0 61.0 7.0    
1144145388 57565.0 32064.0 8171.0 1833.0 319.0 43.0 3.0 1.0 1.0 
1144147026 84396.0 13173.0 2006.0 350.0 65.0 10.0    
1144148664 82401.0 14364.0 2666.0 463.0 99.0 6.0 1.0   
1144150303 83904.0 13505.0 2224.0 322.0 39.0 6.0    
1144151941 79023.0 16860.0 3377.0 594.0 127.0 19.0    
1144153580 84539.0 13054.0 2046.0 301.0 48.0 12.0    
1144155218 84304.0 13419.0 1950.0 269.0 51.0 7.0    
1144156856 714.0 70755.0 22048.0 5080.0 1097.0 211.0 59.0 24.0 7.0 5.0
1144158495 66161.0 25606.0 6454.0 1429.0 294.0 45.0 11.0   
1144160133          
1144161333 84284.0 13326.0 2022.0 300.0 57.0 10.0 1.0   
1144162971 83596.0 13849.0 2101.0 369.0 59.0 26.0    
1144164610 83566.0 13848.0 2153.0 385.0 47.0 1.0    
1144166248 81150.0 15786.0 2509.0 465.0 67.0 23.0    
1144167887 83901.0 13521.0 2214.0 322.0 36.0 4.0 2.0   
1144169525 84167.0 13469.0 2008.0 302.0 47.0 7.0    
1144171163 84486.0 13131.0 2001.0 324.0 43.0 15.0    
1144172802 84527.0 13150.0 1955.0 308.0 56.0 4.0    
1144174440 84469.0 13136.0 2033.0 310.0 48.0 4.0    
1144176079 84020.0 13558.0 2001.0 362.0 48.0 8.0 3.0   
1144177717 83875.0 13532.0 2120.0 388.0 63.0 20.0 2.0   
1144179355 51.0 69843.0 22870.0 5659.0 1224.0 266.0 66.0 17.0 4.0 
1144180994 83576.0 13910.0 2147.0 310.0 48.0 7.0 2.0   
1144182632 84016.0 13599.0 2076.0 246.0 57.0 6.0    
1144184271 83868.0 13626.0 2099.0 326.0 68.0 13.0    
1144185909 82300.0 14648.0 2501.0 454.0 84.0 10.0 3.0   
1144187547 291.0 71915.0 21773.0 4857.0 968.0 184.0 11.0 0.0 0.0 1.0
1144189186 84326.0 13255.0 2037.0 316.0 56.0 9.0 1.0   
1144190824 77333.0 18377.0 3503.0 653.0 120.0 12.0 2.0   
1144192463 84337.0 13320.0 1973.0 300.0 55.0 14.0 1.0   
1144194101 84217.0 13299.0 2129.0 291.0 57.0 7.0    
1144195739 84560.0 13097.0 2025.0 250.0 48.0 20.0    
1144197378 84198.0 13343.0 2071.0 341.0 42.0 5.0    
1144199016 84319.0 13195.0 2095.0 337.0 45.0 9.0    
1144200655 29139.0 51362.0 15208.0 3461.0 667.0 146.0 17.0   
1144202293 84024.0 13607.0 2016.0 284.0 51.0 18.0    
1144203931 84034.0 13504.0 2089.0 324.0 42.0 7.0    
1144205570 83865.0 13628.0 2137.0 302.0 63.0 5.0    
1144207208 84187.0 13470.0 2024.0 269.0 48.0 2.0    
1144208847 83499.0 13859.0 2235.0 325.0 72.0 10.0    
1144210485 83564.0 13921.0 2086.0 342.0 81.0 6.0    
1144212123 18647.0 58376.0 17899.0 4143.0 773.0 134.0 28.0   
1144213762 83997.0 13578.0 2092.0 281.0 45.0 7.0    
1144215400 83906.0 13413.0 2225.0 330.0 100.0 6.0 19.0 1.0  
1144217039 84240.0 13423.0 1982.0 300.0 54.0 1.0    
1144218677 84025.0 13475.0 2158.0 286.0 44.0 12.0    
1144220315 76765.0 18629.0 3710.0 714.0 161.0 14.0 7.0   
1144221954 83814.0 13663.0 2103.0 348.0 59.0 10.0 3.0   
1144223592 83787.0 13687.0 2162.0 317.0 45.0 2.0    
1144225231 77884.0 17512.0 3687.0 700.0 177.0 30.0 10.0   
1144226869 84250.0 13275.0 2059.0 357.0 51.0 8.0    
1144228507 83788.0 13713.0 2088.0 353.0 50.0 8.0    
1144230146 84432.0 13087.0 2091.0 347.0 38.0 5.0    
1144231784 83712.0 13661.0 2181.0 385.0 54.0 7.0    
1144233423 83586.0 13835.0 2139.0 383.0 44.0 12.0 1.0   
1144235061 82488.0 14501.0 2495.0 455.0 56.0 5.0    
1144236699 81881.0 15229.0 2407.0 411.0 66.0 4.0 2.0   
1144238338 83554.0 13865.0 2226.0 300.0 45.0 9.0 1.0   
1144239976 84539.0 13136.0 1954.0 302.0 57.0 5.0 6.0 1.0  
1144241615 84660.0 12922.0 2027.0 326.0 63.0 2.0    
1144243253 79724.0 16260.0 3205.0 635.0 135.0 40.0 1.0   
1144244891 83539.0 13817.0 2189.0 400.0 47.0 8.0    
1144246530 84213.0 13417.0 2011.0 301.0 52.0 6.0    
1144248168 84232.0 13339.0 2055.0 317.0 48.0 9.0    
1144249807 84331.0 13267.0 1989.0 342.0 66.0 5.0    
1144251445 84503.0 13188.0 1984.0 281.0 42.0 2.0    
1144253083 84422.0 13250.0 1956.0 312.0 50.0 10.0    
1144254722 3427.0 68887.0 21406.0 5071.0 950.0 207.0 29.0 8.0 9.0 6.0
1144256360 83929.0 13602.0 2103.0 304.0 61.0 1.0    
1144257999 84043.0 13382.0 2082.0 409.0 70.0 14.0    
1144259637          
1144260837 84248.0 13352.0 2052.0 289.0 49.0 9.0 1.0   
1144262475 84073.0 13388.0 2076.0 386.0 69.0 8.0    
1144264114 84358.0 13310.0 1990.0 286.0 49.0 7.0    
1144265752 83864.0 13664.0 2090.0 335.0 37.0 10.0    
1144267390 84708.0 13045.0 1883.0 310.0 41.0 13.0    
1144269029 84505.0 13246.0 1896.0 303.0 41.0 9.0    
1144270667 83923.0 13589.0 2150.0 290.0 46.0 2.0    
1144272306 84361.0 13181.0 2050.0 348.0 49.0 8.0 3.0   
1144273944 84200.0 13239.0 2099.0 394.0 57.0 11.0    
1144275582 1032.0 71442.0 21359.0 4905.0 1012.0 212.0 37.0 1.0  
1144277221 84221.0 13327.0 2085.0 315.0 42.0 8.0 2.0   
1144278859 83518.0 13764.0 2270.0 347.0 98.0 0.0 0.0 3.0  
1144280498 0.0 72028.0 21632.0 4963.0 1028.0 294.0 41.0 13.0 1.0 
1144282136 83038.0 14215.0 2322.0 350.0 67.0 8.0    
1144283774 83671.0 13688.0 2286.0 320.0 32.0 2.0 1.0   
1144285413 80390.0 16015.0 2982.0 523.0 84.0 6.0    
1144287051 84091.0 13440.0 2107.0 308.0 45.0 9.0    
1144288690 83664.0 13750.0 2209.0 316.0 56.0 5.0    
1144290328 84217.0 13359.0 2063.0 296.0 60.0 5.0    
1144291966 561.0 71497.0 21765.0 4983.0 970.0 187.0 35.0 2.0  
1144293605 84066.0 13612.0 1968.0 313.0 38.0 3.0    
1144295243 84593.0 13134.0 1933.0 279.0 46.0 14.0 1.0   
1144296882 84155.0 13437.0 2026.0 326.0 52.0 3.0 1.0   
1144298520 195.0 70677.0 22694.0 5117.0 1044.0 210.0 58.0 4.0 1.0 
1144300158 71551.0 21791.0 5220.0 1154.0 242.0 34.0 8.0   
1144301797 84592.0 13138.0 1961.0 277.0 30.0 2.0    
1144303435 84299.0 13349.0 1993.0 305.0 52.0 2.0    
1144305074 84402.0 13218.0 2018.0 308.0 49.0 5.0    
1144306712 83954.0 13470.0 2154.0 345.0 63.0 6.0 8.0   
1144308350 83126.0 14150.0 2319.0 347.0 45.0 13.0    
1144309989 73249.0 20825.0 4700.0 991.0 191.0 42.0 2.0   
1144311627 83986.0 13526.0 2086.0 327.0 62.0 13.0    
1144313266 83829.0 13620.0 2156.0 334.0 48.0 13.0    
1144314904 81590.0 15108.0 2670.0 526.0 91.0 15.0    
1144316542 144.0 69256.0 23090.0 5915.0 1260.0 269.0 57.0 7.0 2.0 
1144318181 83869.0 13585.0 2176.0 298.0 60.0 12.0    
1144319819 83900.0 13582.0 2141.0 319.0 51.0 7.0    
1144321458 83891.0 13524.0 2191.0 347.0 45.0 2.0    
1144323096 83991.0 13576.0 2017.0 353.0 62.0 1.0    
1144324734 84195.0 13327.0 2079.0 338.0 57.0 4.0    
1144326373 84416.0 13354.0 1882.0 294.0 42.0 12.0    
1144328011 61067.0 29077.0 7720.0 1683.0 311.0 97.0 41.0 2.0 2.0 
1144329650 74142.0 20485.0 4404.0 809.0 132.0 27.0 1.0   
1144331288 84470.0 13120.0 2018.0 332.0 41.0 19.0    
1144332926 84319.0 13391.0 1975.0 277.0 30.0 8.0    
1144334565 77572.0 17839.0 3712.0 741.0 119.0 17.0    
1144336203 83884.0 13541.0 2166.0 356.0 45.0 8.0    
1144337842 74937.0 19880.0 4169.0 861.0 134.0 15.0 4.0   
1144339480 84584.0 12992.0 2042.0 311.0 65.0 6.0    
1144341118 82483.0 13854.0 2882.0 666.0 104.0 11.0    
1144342757 84395.0 13170.0 2068.0 296.0 60.0 10.0 1.0   
1144344395 84601.0 12976.0 2021.0 338.0 62.0 2.0    
1144346034 81428.0 15233.0 2810.0 430.0 80.0 19.0    
1144347672 84552.0 13157.0 1909.0 311.0 57.0 14.0    
1144349310 83677.0 13644.0 2245.0 365.0 67.0 2.0    
1144350949 22116.0 56242.0 17023.0 3721.0 739.0 141.0 18.0   
1144352587 84636.0 13015.0 1938.0 333.0 74.0 4.0    
1144354226 84269.0 13387.0 1959.0 317.0 63.0 5.0    
1144355864 84638.0 13019.0 1983.0 294.0 60.0 5.0 1.0   
1144357502 84083.0 13400.0 2117.0 338.0 52.0 10.0    
1144359140          
1144360341 84002.0 13586.0 2092.0 272.0 41.0 7.0    
1144361980 84220.0 13434.0 2003.0 281.0 54.0 8.0    
1144363618 83645.0 13754.0 2164.0 376.0 55.0 6.0    
1144365257 84554.0 13149.0 1943.0 309.0 38.0 5.0 2.0   
1144366895 84354.0 13273.0 2030.0 299.0 40.0 4.0    
1144368533 75413.0 19390.0 4131.0 891.0 155.0 15.0 5.0   
1144370172 189.0 70998.0 22400.0 5076.0 1064.0 224.0 44.0 5.0  
1144371810 84066.0 13615.0 1955.0 294.0 57.0 11.0 2.0   
1144373449 84239.0 13359.0 2017.0 331.0 42.0 12.0    
1144375087 47060.0 38859.0 11244.0 2297.0 444.0 78.0 17.0 1.0  
1144376725 79541.0 16646.0 3135.0 541.0 119.0 16.0 2.0   
1144378364 84356.0 13323.0 1995.0 279.0 39.0 6.0 2.0   
1144380002 83819.0 13618.0 2183.0 320.0 52.0 8.0    
1144381641 84436.0 13284.0 1907.0 313.0 57.0 3.0    
1144383279 84017.0 13538.0 2115.0 300.0 29.0 1.0    
1144384917 84516.0 13263.0 1901.0 270.0 43.0 7.0    
1144386556 83706.0 13877.0 2071.0 294.0 42.0 10.0    
1144388194 45064.0 40165.0 11564.0 2556.0 520.0 102.0 26.0 3.0  
1144389833 84126.0 13385.0 2122.0 316.0 46.0 5.0    
1144391471 83998.0 13447.0 2140.0 343.0 61.0 11.0    
1144393109 84367.0 13147.0 2085.0 323.0 69.0 9.0    
1144394748 81461.0 15254.0 2637.0 508.0 122.0 18.0    
1144396386 30900.0 50455.0 14474.0 3299.0 738.0 115.0 19.0   
1144398025 83482.0 13808.0 2296.0 348.0 65.0 1.0    
1144399663 84498.0 13175.0 1975.0 288.0 53.0 11.0    
1144401301 84366.0 13230.0 2035.0 312.0 50.0 7.0    
1144402940 83901.0 13569.0 2162.0 325.0 41.0 2.0    
1144404578 71698.0 21924.0 4994.0 1109.0 238.0 32.0 5.0   
1144406217 83349.0 13867.0 2367.0 363.0 52.0 2.0    
1144407855 71261.0 22394.0 5081.0 999.0 237.0 18.0 7.0 3.0  
1144409493 5383.0 67751.0 21172.0 4622.0 899.0 148.0 21.0 4.0  
1144411132 83774.0 13599.0 2232.0 328.0 65.0 2.0    
1144412770 84461.0 13187.0 1956.0 322.0 60.0 14.0    
1144414409 81637.0 15122.0 2628.0 499.0 90.0 24.0    
1144416047 82820.0 14156.0 2518.0 407.0 94.0 5.0    
1144417685 84304.0 13364.0 2015.0 280.0 35.0 2.0    
1144419324 69355.0 23240.0 5843.0 1247.0 267.0 37.0 11.0   
1144420962 84014.0 13586.0 1984.0 354.0 55.0 7.0    
1144422601 78676.0 17107.0 3384.0 697.0 111.0 25.0    
1144424239 84239.0 13315.0 2065.0 310.0 62.0 9.0    
1144425877 83578.0 13711.0 2254.0 412.0 40.0 5.0    
1144427516 82003.0 14937.0 2493.0 481.0 75.0 11.0    
1144429154 84534.0 13183.0 1946.0 306.0 30.0 1.0    
1144430793 84225.0 13337.0 2053.0 341.0 39.0 5.0    
1144432431 84494.0 13102.0 2043.0 300.0 54.0 7.0    
1144434069 81903.0 14834.0 2676.0 486.0 85.0 15.0 1.0   
1144435708 48582.0 37918.0 10550.0 2412.0 432.0 87.0 16.0 3.0  
1144437346 83997.0 13482.0 2116.0 342.0 59.0 4.0    
1144438985 83920.0 13439.0 2235.0 354.0 39.0 10.0 3.0   
1144440623 84744.0 12932.0 1933.0 318.0 66.0 7.0    
1144442261 84118.0 13419.0 2053.0 342.0 57.0 11.0    
1144443900 84382.0 13329.0 1960.0 278.0 44.0 7.0    
1144445538 83820.0 13746.0 2074.0 299.0 45.0 14.0 2.0   
1144447177 83680.0 13651.0 2212.0 393.0 53.0 10.0 1.0   
1144448815 84673.0 13032.0 1946.0 295.0 44.0 10.0    
1144450453 84559.0 13204.0 1871.0 315.0 48.0 3.0    
1144452092 84423.0 13102.0 2027.0 363.0 72.0 13.0    
1144453730 84637.0 12965.0 1979.0 351.0 62.0 6.0    
1144455369 84390.0 13336.0 1947.0 283.0 43.0 1.0    
1144457007 83794.0 13699.0 2061.0 344.0 60.0 28.0 14.0   
1144458645          
1144459845 84338.0 13408.0 1965.0 250.0 36.0 3.0    
1144461484 84740.0 12915.0 1980.0 324.0 39.0 2.0    
1144463122 82532.0 14628.0 2363.0 408.0 61.0 8.0    
1144464761 84507.0 13081.0 2040.0 315.0 57.0     
1144466399 72456.0 21438.0 4871.0 1029.0 171.0 30.0 5.0   
1144468037 84589.0 13066.0 1976.0 307.0 59.0 3.0    
1144469676 84247.0 13315.0 2048.0 331.0 51.0 8.0    
1144471314 53831.0 34690.0 8976.0 1993.0 416.0 93.0 1.0   
1144472953 84422.0 13064.0 2114.0 317.0 73.0 4.0 5.0 0.0 1.0 
1144474591 84374.0 13380.0 1963.0 250.0 28.0 5.0    
1144476229 84415.0 13209.0 2039.0 292.0 39.0 6.0    
1144477868 83907.0 13520.0 2168.0 323.0 60.0 21.0 1.0   
1144479506 81690.0 14949.0 2774.0 495.0 86.0 6.0    
1144481145 84061.0 13404.0 2182.0 314.0 38.0 1.0    
1144482783 84518.0 13166.0 1968.0 274.0 63.0 11.0    
1144484421 84143.0 13494.0 1984.0 327.0 48.0 4.0    
1144486060 84481.0 13195.0 2016.0 254.0 49.0 5.0    
1144487698 49770.0 37421.0 10019.0 2254.0 429.0 99.0 8.0   
1144489337 67868.0 24604.0 5947.0 1275.0 252.0 53.0 1.0   
1144490975 83507.0 13948.0 2171.0 330.0 40.0 4.0    
1144492613 83983.0 13584.0 2120.0 278.0 34.0 1.0    
1144494252 77500.0 17985.0 3586.0 733.0 157.0 31.0 8.0   
1144495890 84159.0 13358.0 2109.0 320.0 40.0 8.0 6.0   
1144497529 83697.0 13749.0 2139.0 349.0 57.0 7.0 2.0   
1144499167 39959.0 44236.0 12367.0 2732.0 580.0 112.0 14.0   
1144500805 84339.0 13201.0 2088.0 299.0 57.0 16.0    
1144502444 82603.0 14334.0 2534.0 446.0 77.0 6.0    
1144504082 64201.0 27274.0 6765.0 1375.0 312.0 71.0 2.0   
1144505721 84242.0 13286.0 2061.0 353.0 56.0 2.0    
1144507359 84146.0 13416.0 2091.0 302.0 44.0 1.0    
1144508997 84378.0 13353.0 1943.0 276.0 40.0 10.0    
1144510636 83969.0 13536.0 2160.0 295.0 36.0 4.0    
1144512274 83967.0 13479.0 2194.0 293.0 61.0 6.0    
1144513913 82988.0 14411.0 2212.0 326.0 57.0 4.0 2.0   
1144515551 84405.0 13345.0 1888.0 319.0 38.0 5.0    
1144517189 84321.0 13195.0 2054.0 349.0 75.0 6.0    
1144518828 169.0 72292.0 21690.0 4784.0 831.0 199.0 32.0 3.0  
1144520466 84477.0 13162.0 1985.0 325.0 44.0 7.0    
1144522105 83490.0 13884.0 2203.0 370.0 44.0 9.0    
1144523743 83774.0 13651.0 2242.0 283.0 43.0 7.0    
1144525381 73471.0 20730.0 4603.0 967.0 183.0 43.0 3.0   
1144527020 84475.0 13126.0 1990.0 320.0 79.0 9.0 1.0   
1144528658 84440.0 13131.0 2056.0 329.0 40.0 3.0 1.0   
1144530297 83732.0 13682.0 2189.0 321.0 61.0 15.0    
1144531935 84575.0 13175.0 1919.0 281.0 49.0 1.0    
1144533573 84500.0 13036.0 2056.0 344.0 54.0 10.0    
1144535212 51197.0 36064.0 9968.0 2171.0 456.0 115.0 28.0 1.0  
1144536850 84378.0 13247.0 2019.0 284.0 71.0 1.0    
1144538489 83951.0 13644.0 2019.0 292.0 72.0 19.0 3.0   
1144540127 84247.0 13360.0 2055.0 299.0 30.0 9.0    
1144541765 83479.0 13926.0 2188.0 348.0 52.0 7.0    
1144543404 84156.0 13426.0 2064.0 307.0 42.0 5.0    
1144545042 84220.0 13219.0 2180.0 333.0 36.0 12.0    
1144546681 75940.0 19222.0 3878.0 780.0 145.0 30.0 5.0   
1144548319 84051.0 13519.0 2040.0 349.0 40.0 1.0    
1144549957 84256.0 13293.0 2081.0 324.0 45.0 1.0    
1144551596 72832.0 21215.0 4803.0 929.0 178.0 33.0 10.0   
1144553234 80691.0 15672.0 2946.0 534.0 120.0 31.0 3.0 3.0  
1144554873 84107.0 13327.0 2147.0 352.0 54.0 12.0 1.0   
1144556511 84499.0 13088.0 2024.0 335.0 51.0 3.0    
1144558149          
1144559349 83888.0 13687.0 2029.0 335.0 52.0 9.0    
1144560988 84327.0 13296.0 1996.0 320.0 57.0 4.0    
1144562626 83643.0 13754.0 2193.0 359.0 49.0 2.0    
1144564264 84429.0 13229.0 2020.0 276.0 45.0 1.0    
1144565903 84493.0 13194.0 1969.0 304.0 36.0 4.0    
1144567541 63577.0 27640.0 6927.0 1510.0 291.0 47.0 8.0   
1144569180 84583.0 13029.0 1985.0 328.0 67.0 5.0 2.0 1.0  
1144570818 84629.0 13196.0 1884.0 254.0 35.0 2.0    
1144572456 84412.0 13406.0 1834.0 315.0 27.0 6.0    
1144574095 84384.0 13156.0 2042.0 351.0 59.0 7.0 1.0   
1144575733 84175.0 13440.0 2058.0 279.0 43.0 5.0    
1144577372 79400.0 16650.0 3151.0 663.0 113.0 23.0    
1144579010 83825.0 13680.0 2105.0 326.0 58.0 6.0    
1144580648 84189.0 13427.0 2031.0 293.0 53.0 6.0 1.0   
1144582287 84180.0 13398.0 2051.0 307.0 62.0 2.0    
1144583925 84424.0 13137.0 2083.0 285.0 63.0 8.0    
1144585564 84365.0 13270.0 1960.0 303.0 93.0 9.0    
1144587202 83630.0 13744.0 2207.0 364.0 45.0 9.0 1.0   
1144588840 64831.0 26943.0 6592.0 1304.0 271.0 48.0 11.0   
1144590479 79722.0 16387.0 3180.0 566.0 122.0 18.0 5.0   
1144592117 83351.0 14012.0 2216.0 329.0 82.0 7.0 2.0 1.0  
1144593756 83729.0 13748.0 2095.0 355.0 69.0 4.0    
1144595394 70735.0 22762.0 5245.0 1037.0 193.0 28.0    
1144597032 84370.0 13130.0 2125.0 321.0 46.0 8.0    
1144598671 84331.0 13217.0 2091.0 323.0 35.0 3.0    
1144600309 84073.0 13609.0 1965.0 298.0 51.0 4.0    
1144601948 83198.0 14014.0 2330.0 375.0 77.0 6.0    
1144603586 82656.0 14470.0 2431.0 377.0 58.0 8.0    
1144605224 84289.0 13382.0 1977.0 313.0 39.0     
1144606863 83019.0 14283.0 2286.0 338.0 68.0 6.0    
1144608501 84265.0 13311.0 2037.0 329.0 55.0 2.0 1.0   
1144610140 84444.0 13275.0 1898.0 308.0 56.0 12.0 5.0 2.0  
1144611778 84502.0 13268.0 1926.0 264.0 35.0 5.0    
1144613416 84178.0 13461.0 2045.0 253.0 43.0 19.0 1.0   
1144615055 83846.0 13649.0 2082.0 344.0 77.0 2.0    
1144616693 84522.0 13031.0 1965.0 411.0 65.0 6.0    
1144618332 80574.0 15785.0 2981.0 564.0 88.0 7.0 1.0   
1144619970 84676.0 13031.0 1955.0 281.0 49.0 8.0    
1144621608 4321.0 68670.0 21010.0 4772.0 973.0 215.0 35.0 4.0  
1144623247 84398.0 13267.0 2033.0 244.0 53.0 5.0    
1144624885 84737.0 12992.0 1957.0 280.0 31.0 3.0    
1144626524 84337.0 13256.0 2019.0 332.0 49.0 7.0    
1144628162 84784.0 12993.0 1890.0 290.0 38.0 3.0 1.0 1.0  
1144629800 84055.0 13591.0 1996.0 321.0 32.0 5.0    
1144631439 84365.0 13178.0 2055.0 327.0 68.0 7.0    
1144633077 84512.0 13215.0 1934.0 281.0 53.0 3.0 1.0 1.0  
1144634716 84472.0 13122.0 2034.0 323.0 45.0 4.0    
1144636354 84293.0 13360.0 1987.0 313.0 44.0 3.0    
1144637992 84305.0 13358.0 1986.0 288.0 56.0 6.0 1.0   
1144639631 84125.0 13476.0 2011.0 338.0 48.0 2.0    
1144641269 83867.0 13578.0 2124.0 373.0 56.0 2.0    
1144642908 84549.0 13193.0 1981.0 249.0 24.0 4.0    
1144644546 68373.0 24472.0 5658.0 1205.0 244.0 34.0 11.0 3.0  
1144646184 84251.0 13373.0 2028.0 288.0 55.0 5.0    
1144647823 84117.0 13434.0 2054.0 344.0 44.0 7.0    
1144649461 82550.0 14418.0 2486.0 441.0 87.0 18.0    
1144651100 79335.0 16598.0 3302.0 595.0 96.0 73.0 1.0   
1144652738 83865.0 13518.0 2141.0 398.0 58.0 6.0 6.0 6.0 2.0 
1144654376 83223.0 14150.0 2136.0 431.0 58.0 2.0    
1144656015 549.0 71823.0 21378.0 5006.0 999.0 214.0 28.0 3.0  
