 0 1 2 3 4 5 6 7 8 9
1143763317 80547.0 16001.0 2885.0 489.0 73.0 5.0    
1143764956 82580.0 14553.0 2405.0 383.0 71.0 6.0 2.0   
1143766594 58269.0 28726.0 9453.0 2629.0 710.0 178.0 16.0 13.0 6.0 
1143768233 82061.0 14887.0 2542.0 413.0 82.0 14.0 1.0   
1143769871 67619.0 24209.0 6333.0 1445.0 286.0 73.0 18.0 7.0 10.0 
1143771509 82013.0 14657.0 2678.0 512.0 120.0 18.0 2.0   
1143773148 81715.0 14968.0 2588.0 594.0 99.0 31.0 5.0   
1143774786 79079.0 16784.0 3214.0 754.0 127.0 34.0 8.0   
1143776425 81844.0 15063.0 2569.0 426.0 88.0 10.0    
1143778063 82503.0 14425.0 2552.0 427.0 83.0 9.0 1.0   
1143779701 81037.0 15575.0 2744.0 516.0 111.0 14.0 3.0   
1143781340 81712.0 15322.0 2496.0 399.0 62.0 9.0    
1143782978 82190.0 14803.0 2534.0 416.0 53.0 3.0 1.0   
1143784617 82356.0 14677.0 2413.0 459.0 89.0 6.0    
1143786255 81653.0 15312.0 2536.0 442.0 49.0 8.0    
1143787893 50737.0 35539.0 10528.0 2457.0 537.0 169.0 21.0 9.0 3.0 
1143789532 82218.0 14782.0 2423.0 484.0 82.0 11.0    
1143791170 76870.0 18281.0 3821.0 841.0 149.0 34.0 4.0   
1143792809 80775.0 15633.0 2814.0 609.0 131.0 26.0 10.0 2.0  
1143794447 82180.0 14853.0 2445.0 428.0 84.0 9.0 0.0 0.0 1.0 
1143796085 82174.0 14911.0 2436.0 388.0 83.0 8.0    
1143797724 82160.0 14876.0 2490.0 390.0 75.0 9.0    
1143799362 12702.0 60079.0 20570.0 5101.0 1229.0 238.0 55.0 24.0 2.0 
1143801001 137.0 67902.0 23837.0 6307.0 1424.0 306.0 70.0 9.0 6.0 2.0
1143802639 82528.0 14510.0 2379.0 492.0 80.0 9.0 2.0   
1143804277 82145.0 15038.0 2399.0 353.0 55.0 9.0 0.0 1.0  
1143805916 82318.0 14790.0 2424.0 389.0 69.0 10.0    
1143807554 81792.0 15029.0 2572.0 489.0 93.0 21.0 4.0   
1143809193 36196.0 44771.0 14322.0 3689.0 836.0 130.0 42.0 14.0  
1143810831 80306.0 16120.0 2933.0 519.0 97.0 24.0 1.0   
1143812469 74085.0 20326.0 4492.0 911.0 162.0 22.0 2.0   
1143814108 81883.0 15100.0 2481.0 444.0 80.0 9.0 3.0   
1143815746 81893.0 15051.0 2514.0 472.0 64.0 6.0    
1143817385 74591.0 19705.0 4418.0 998.0 222.0 49.0 16.0 1.0  
1143819023 81224.0 15461.0 2781.0 448.0 82.0 4.0    
1143820661 82309.0 14694.0 2422.0 486.0 75.0 14.0    
1143822300 81786.0 14900.0 2634.0 558.0 109.0 9.0 3.0 1.0  
1143823938 81583.0 15163.0 2694.0 456.0 96.0 8.0    
1143825577 82162.0 14686.0 2555.0 471.0 111.0 13.0 1.0 1.0  
1143827215 80841.0 15791.0 2784.0 485.0 94.0 5.0    
1143828853 81943.0 14889.0 2535.0 540.0 84.0 8.0 1.0   
1143830492 76968.0 18236.0 3869.0 722.0 171.0 32.0 2.0   
1143832130 82654.0 14265.0 2464.0 515.0 85.0 15.0 2.0   
1143833769 82512.0 14622.0 2428.0 371.0 56.0 10.0 1.0   
1143835407 82490.0 14502.0 2486.0 440.0 75.0 7.0    
1143837045 80769.0 15666.0 2959.0 482.0 109.0 15.0    
1143838684 0.0 112.0 56188.0 29542.0 10189.0 2901.0 764.0 210.0 81.0 13.0
1143840322 0.0 67241.0 24532.0 6390.0 1459.0 287.0 60.0 23.0 8.0 
1143841961 82314.0 14806.0 2428.0 379.0 69.0 4.0    
1143843599 82573.0 14479.0 2461.0 403.0 71.0 12.0 1.0   
1143845237 80954.0 15613.0 2817.0 497.0 108.0 11.0    
1143846876 82460.0 14560.0 2453.0 444.0 71.0 12.0    
1143848514 82066.0 14948.0 2436.0 449.0 81.0 18.0 2.0   
1143850153 61098.0 28337.0 8188.0 1926.0 374.0 64.0 11.0 2.0  
1143851791 79643.0 16417.0 3115.0 654.0 154.0 17.0    
1143853429 506.0 66563.0 24402.0 6625.0 1534.0 309.0 49.0 11.0 1.0 
1143855068 77467.0 17807.0 3748.0 764.0 178.0 25.0 5.0 5.0 1.0 
1143856706 80004.0 16161.0 3095.0 611.0 109.0 20.0    
1143858345 80998.0 15604.0 2810.0 496.0 78.0 14.0    
1143859983 82583.0 14656.0 2296.0 380.0 78.0 7.0    
1143861621          
1143863259          
1143864897          
1143866535          
1143868173          
1143869811          
1143871449          
1143873087          
1143874725          
1143876363          
1143878001          
1143879639          
1143881277          
1143882915          
1143884553          
1143886191          
1143887829          
1143889467          
1143891105          
1143892743          
1143894381          
1143896019          
1143897657          
1143899295          
1143900933          
1143902571          
1143904209          
1143905847          
1143907485          
1143909123          
1143910761          
1143912399          
1143914037          
1143915675          
1143917313          
1143918951          
1143920589          
1143922227          
1143923865          
1143925503          
1143927141          
1143928779          
1143930417          
1143932055          
1143933693          
1143935331          
1143936969          
1143938607          
1143940245          
1143941883          
1143943521          
1143945159          
1143946797          
1143948435          
1143950073          
1143951711          
1143953349          
1143954987          
1143956625          
1143958263          
1143959901          
1143961539          
1143962325 82319.0 14746.0 2393.0 415.0 114.0 13.0    
1143963964 81690.0 15129.0 2688.0 415.0 70.0 8.0    
1143965602 82059.0 14964.0 2480.0 433.0 59.0 5.0    
1143967241 82070.0 14955.0 2503.0 403.0 64.0 5.0    
1143968879 81441.0 15320.0 2672.0 492.0 69.0 5.0 1.0   
1143970517 81818.0 15137.0 2594.0 382.0 65.0 4.0    
1143972156 82176.0 14796.0 2545.0 400.0 71.0 11.0 1.0   
1143973794 82099.0 15013.0 2453.0 355.0 73.0 7.0    
1143975433 81014.0 15531.0 2817.0 527.0 103.0 7.0 1.0   
1143977071 82114.0 14846.0 2471.0 461.0 84.0 22.0 1.0 1.0  
1143978709 81820.0 15098.0 2550.0 440.0 88.0 4.0    
1143980348 82176.0 14875.0 2431.0 420.0 85.0 12.0 1.0   
1143981986 45358.0 39029.0 11886.0 3028.0 580.0 94.0 18.0 6.0 1.0 
1143983625 82190.0 14671.0 2538.0 492.0 97.0 11.0 1.0   
1143985263 80492.0 15904.0 2904.0 592.0 96.0 11.0 1.0   
1143986901 81820.0 15207.0 2485.0 415.0 65.0 8.0    
1143988540 82244.0 14657.0 2489.0 494.0 91.0 17.0 8.0   
1143990178 82029.0 14845.0 2574.0 476.0 62.0 14.0    
1143991817 19982.0 54732.0 19125.0 4841.0 1099.0 182.0 29.0 6.0 4.0 
1143993455 81232.0 15420.0 2676.0 559.0 92.0 17.0 4.0   
1143995093 82397.0 14726.0 2360.0 420.0 84.0 13.0    
1143996732 82445.0 14667.0 2396.0 410.0 70.0 8.0 4.0   
1143998370 82359.0 14617.0 2386.0 511.0 122.0 5.0    
1144000009 81694.0 15290.0 2484.0 460.0 70.0 2.0    
1144001647 82450.0 14482.0 2487.0 441.0 121.0 14.0 5.0   
1144003285 12.0 67170.0 24412.0 6502.0 1509.0 302.0 62.0 26.0 5.0 
1144004924 81719.0 15050.0 2746.0 405.0 69.0 11.0    
1144006562 81641.0 15299.0 2521.0 464.0 64.0 10.0 1.0   
1144008201 32799.0 47079.0 15341.0 3727.0 861.0 156.0 36.0 1.0  
1144009839 81902.0 15136.0 2526.0 376.0 56.0 4.0    
1144011477 82132.0 14957.0 2442.0 410.0 52.0 7.0    
1144013116 72444.0 20790.0 5225.0 1284.0 219.0 27.0 11.0   
1144014754 81967.0 14850.0 2592.0 474.0 101.0 11.0 4.0 1.0  
1144016393 82306.0 14748.0 2424.0 425.0 78.0 18.0 1.0   
1144018031 81056.0 15533.0 2795.0 502.0 93.0 19.0 2.0   
1144019669 82017.0 15045.0 2437.0 418.0 80.0 3.0    
1144021308 82208.0 14827.0 2402.0 484.0 73.0 6.0    
1144022946 82262.0 14876.0 2412.0 353.0 84.0 13.0    
1144024585 81590.0 15240.0 2580.0 484.0 94.0 11.0 1.0   
1144026223 82497.0 14520.0 2407.0 483.0 80.0 12.0 0.0 1.0  
1144027861 81851.0 15001.0 2613.0 439.0 72.0 24.0    
1144029500 81736.0 15200.0 2567.0 454.0 40.0 3.0    
1144031138 82414.0 14568.0 2502.0 453.0 59.0 3.0 1.0   
1144032777 77367.0 18041.0 3681.0 745.0 128.0 35.0 3.0   
1144034415 82472.0 14650.0 2384.0 404.0 73.0 17.0    
1144036053 81925.0 15116.0 2438.0 397.0 111.0 13.0    
1144037692 71681.0 21562.0 5287.0 1150.0 264.0 49.0 7.0   
1144039330 82137.0 14863.0 2518.0 421.0 42.0 16.0 3.0   
1144040969 81754.0 15031.0 2702.0 435.0 68.0 10.0    
1144042607 81785.0 15057.0 2553.0 503.0 97.0 5.0    
1144044245 82122.0 14812.0 2543.0 434.0 74.0 14.0 1.0   
1144045884 82612.0 14544.0 2377.0 378.0 68.0 18.0 3.0   
1144047522 82429.0 14601.0 2474.0 417.0 70.0 9.0    
1144049161 81900.0 15066.0 2556.0 410.0 59.0 8.0 1.0   
1144050799 82301.0 14806.0 2416.0 400.0 72.0 5.0    
1144052437 82085.0 14949.0 2476.0 392.0 74.0 18.0 6.0   
1144054076 82234.0 14816.0 2462.0 416.0 67.0 5.0    
1144055714 82166.0 14821.0 2590.0 377.0 36.0 10.0    
1144057353 81527.0 15117.0 2778.0 476.0 87.0 14.0 1.0   
1144058991 81959.0 14906.0 2619.0 428.0 72.0 12.0 2.0 2.0  
1144060629          
1144061829 82152.0 14802.0 2496.0 458.0 86.0 6.0    
1144063468 82009.0 15116.0 2384.0 380.0 89.0 18.0 4.0   
1144065106 82030.0 14946.0 2511.0 431.0 72.0 8.0 2.0   
1144066744 82259.0 14774.0 2456.0 432.0 67.0 12.0    
1144068383 81961.0 14908.0 2601.0 432.0 88.0 10.0    
1144070021 140.0 68388.0 23643.0 5990.0 1422.0 285.0 87.0 26.0 7.0 12.0
1144071660 82366.0 14739.0 2443.0 383.0 61.0 8.0    
1144073298 81927.0 14815.0 2606.0 538.0 104.0 10.0    
1144074936 67571.0 24129.0 6323.0 1553.0 345.0 60.0 18.0 1.0  
1144076575 82360.0 14662.0 2465.0 441.0 63.0 9.0    
1144078213 22168.0 53305.0 18244.0 4864.0 1120.0 219.0 53.0 25.0 2.0 
1144079852 82251.0 14714.0 2383.0 528.0 108.0 16.0    
1144081490 82272.0 14636.0 2474.0 511.0 104.0 3.0    
1144083128 81183.0 15612.0 2599.0 517.0 77.0 12.0    
1144084767 82506.0 14788.0 2183.0 415.0 102.0 6.0    
1144086405 82030.0 14948.0 2555.0 397.0 60.0 10.0    
1144088044 80525.0 15852.0 2825.0 645.0 103.0 45.0 5.0   
1144089682 77426.0 17675.0 3784.0 854.0 221.0 30.0 9.0 1.0  
1144091320 72202.0 20991.0 5214.0 1293.0 247.0 45.0 5.0 3.0  
1144092959 82122.0 14833.0 2502.0 432.0 90.0 20.0 1.0   
1144094597 81668.0 15076.0 2689.0 492.0 63.0 12.0    
1144096236 81396.0 15118.0 2754.0 578.0 124.0 22.0 7.0 1.0  
1144097874 82027.0 14945.0 2419.0 469.0 115.0 17.0 6.0 2.0  
1144099512 81277.0 15573.0 2623.0 444.0 78.0 5.0    
1144101151 82665.0 14254.0 2466.0 500.0 97.0 18.0    
1144102789 81884.0 15048.0 2503.0 454.0 90.0 11.0 7.0 3.0  
1144104428 81498.0 15182.0 2693.0 512.0 109.0 6.0    
1144106066 82396.0 14703.0 2360.0 448.0 85.0 8.0    
1144107704 65132.0 26074.0 6662.0 1617.0 393.0 98.0 16.0 7.0 1.0 
1144109343 81734.0 15270.0 2553.0 368.0 67.0 8.0    
1144110981 82187.0 14901.0 2425.0 402.0 74.0 11.0    
1144112620 82253.0 14895.0 2329.0 416.0 83.0 19.0 5.0   
1144114258 79789.0 16187.0 3128.0 715.0 144.0 32.0 5.0   
1144115896 81562.0 15278.0 2622.0 442.0 84.0 9.0 3.0   
1144117535 82313.0 14718.0 2433.0 426.0 94.0 14.0 2.0   
1144119173 80754.0 15740.0 2873.0 554.0 69.0 10.0    
1144120812 81951.0 15026.0 2495.0 439.0 72.0 13.0 4.0   
1144122450 82606.0 14708.0 2196.0 416.0 65.0 9.0    
1144124088 80742.0 15823.0 2827.0 508.0 88.0 12.0    
1144125727 82648.0 14585.0 2309.0 372.0 77.0 9.0    
1144127365 82525.0 14716.0 2347.0 366.0 39.0 7.0    
1144129004 80380.0 16069.0 2955.0 466.0 119.0 10.0 1.0   
1144130642 82308.0 14745.0 2455.0 403.0 78.0 11.0    
1144132280 82060.0 14924.0 2591.0 350.0 64.0 11.0    
1144133919 82285.0 14739.0 2484.0 396.0 84.0 11.0 1.0   
1144135557 81667.0 15103.0 2608.0 523.0 92.0 7.0    
1144137196 81639.0 15247.0 2610.0 416.0 80.0 8.0    
1144138834 82300.0 14759.0 2428.0 403.0 99.0 11.0    
1144140472 82125.0 14849.0 2459.0 473.0 90.0 3.0 1.0   
1144142111 82391.0 14709.0 2387.0 421.0 84.0 8.0    
1144143749 82058.0 14867.0 2562.0 416.0 80.0 17.0    
1144145388 82031.0 14983.0 2540.0 398.0 45.0 3.0    
1144147026 82210.0 14671.0 2601.0 464.0 49.0 5.0    
1144148664 79559.0 16345.0 3302.0 671.0 111.0 12.0    
1144150303 82295.0 14783.0 2461.0 366.0 93.0 2.0    
1144151941 6099.0 63860.0 22686.0 5790.0 1253.0 257.0 47.0 8.0  
1144153580 82295.0 14717.0 2528.0 377.0 69.0 14.0    
1144155218 82059.0 14888.0 2528.0 459.0 56.0 10.0    
1144156856 82170.0 14816.0 2499.0 435.0 67.0 13.0    
1144158495 51776.0 34649.0 10448.0 2558.0 487.0 71.0 10.0 1.0  
1144160133          
1144161333 82062.0 14937.0 2437.0 446.0 106.0 12.0    
1144162971 82387.0 14665.0 2411.0 452.0 72.0 13.0    
1144164610 82009.0 14901.0 2574.0 442.0 69.0 5.0    
1144166248 49880.0 35399.0 11143.0 2795.0 568.0 165.0 37.0 12.0 1.0 
1144167887 81470.0 15266.0 2618.0 537.0 101.0 8.0    
1144169525 81534.0 15363.0 2644.0 412.0 42.0 5.0    
1144171163 81687.0 15084.0 2674.0 481.0 72.0 2.0    
1144172802 82239.0 14766.0 2469.0 451.0 68.0 7.0    
1144174440 81867.0 15041.0 2581.0 426.0 76.0 9.0    
1144176079 82275.0 14820.0 2411.0 400.0 80.0 12.0 1.0 1.0  
1144177717 82262.0 14835.0 2421.0 402.0 73.0 7.0    
1144179355 82016.0 14767.0 2648.0 483.0 76.0 9.0 1.0   
1144180994 232.0 68054.0 23714.0 6187.0 1478.0 254.0 63.0 12.0 4.0 2.0
1144182632 80800.0 15706.0 2867.0 512.0 96.0 19.0    
1144184271 82077.0 14991.0 2402.0 436.0 76.0 16.0 2.0   
1144185909 81823.0 15146.0 2510.0 437.0 77.0 7.0    
1144187547 81996.0 14995.0 2552.0 377.0 70.0 10.0    
1144189186 82385.0 14717.0 2357.0 452.0 72.0 14.0 2.0 0.0 1.0 
1144190824 82068.0 14789.0 2605.0 473.0 59.0 6.0    
1144192463 81850.0 15042.0 2619.0 431.0 47.0 10.0 1.0   
1144194101 75699.0 19447.0 3977.0 756.0 98.0 19.0 4.0   
1144195739 81121.0 15687.0 2730.0 392.0 64.0 6.0    
1144197378 82304.0 14615.0 2454.0 492.0 112.0 23.0    
1144199016 82266.0 14799.0 2447.0 445.0 40.0 3.0    
1144200655 81669.0 15160.0 2566.0 501.0 92.0 6.0 6.0   
1144202293 79570.0 16432.0 3136.0 697.0 135.0 24.0 6.0   
1144203931 79656.0 16553.0 3116.0 583.0 77.0 4.0 11.0   
1144205570 82444.0 14617.0 2373.0 460.0 98.0 8.0    
1144207208 57835.0 30121.0 9194.0 2265.0 496.0 78.0 11.0   
1144208847 81183.0 15406.0 2859.0 465.0 80.0 6.0 1.0   
1144210485 81609.0 15195.0 2678.0 429.0 86.0 3.0    
1144212123 82018.0 15045.0 2466.0 383.0 76.0 12.0    
1144213762 81383.0 15380.0 2716.0 432.0 73.0 13.0 3.0   
1144215400 81882.0 14848.0 2609.0 542.0 104.0 12.0 2.0 1.0  
1144217039 82256.0 14719.0 2558.0 413.0 48.0 6.0    
1144218677 82151.0 14979.0 2437.0 371.0 55.0 7.0    
1144220315 17928.0 56532.0 19391.0 4688.0 1167.0 234.0 43.0 17.0  
1144221954 82236.0 14895.0 2431.0 363.0 70.0 5.0    
1144223592 78508.0 17324.0 3475.0 591.0 89.0 13.0    
1144225231 81753.0 15112.0 2618.0 437.0 75.0 4.0 1.0   
1144226869 81755.0 15193.0 2581.0 378.0 85.0 8.0    
1144228507 82430.0 14663.0 2479.0 370.0 52.0 6.0    
1144230146 82056.0 15025.0 2452.0 386.0 70.0 11.0    
1144231784 82323.0 14679.0 2487.0 436.0 70.0 5.0    
1144233423 82344.0 14696.0 2477.0 391.0 74.0 17.0 1.0   
1144235061 82411.0 14645.0 2473.0 405.0 62.0 4.0    
1144236699 82187.0 14795.0 2453.0 468.0 87.0 9.0 1.0   
1144238338 82067.0 14945.0 2474.0 435.0 72.0 7.0    
1144239976 80811.0 15849.0 2797.0 460.0 77.0 4.0 2.0   
1144241615 82157.0 14875.0 2444.0 437.0 79.0 7.0 1.0   
1144243253 81729.0 15185.0 2597.0 415.0 65.0 9.0    
1144244891 81964.0 14868.0 2682.0 405.0 68.0 13.0    
1144246530 80746.0 15701.0 2940.0 523.0 85.0 5.0    
1144248168 81851.0 14950.0 2681.0 427.0 78.0 10.0 3.0   
1144249807 82176.0 14739.0 2523.0 455.0 88.0 19.0    
1144251445 81383.0 15417.0 2678.0 452.0 62.0 8.0    
1144253083 81812.0 15007.0 2603.0 422.0 120.0 34.0 1.0 1.0  
1144254722 81908.0 14884.0 2561.0 523.0 110.0 14.0    
1144256360 81544.0 15304.0 2577.0 467.0 89.0 19.0    
1144257999 78779.0 16985.0 3429.0 654.0 128.0 20.0 5.0   
1144259637          
1144260837 82258.0 14748.0 2482.0 417.0 84.0 9.0 2.0   
1144262475 82607.0 14543.0 2329.0 430.0 83.0 7.0 1.0   
1144264114 81343.0 15366.0 2668.0 517.0 85.0 21.0    
1144265752 81784.0 15068.0 2581.0 471.0 92.0 4.0    
1144267390 82046.0 14996.0 2454.0 420.0 69.0 15.0    
1144269029 81600.0 15303.0 2588.0 452.0 54.0 3.0    
1144270667 76860.0 18134.0 4013.0 806.0 159.0 26.0 2.0   
1144272306 82393.0 14694.0 2448.0 390.0 64.0 11.0    
1144273944 63367.0 26849.0 7396.0 1875.0 400.0 90.0 19.0 4.0  
1144275582 82255.0 14835.0 2394.0 423.0 79.0 11.0 3.0   
1144277221 41066.0 41402.0 13320.0 3327.0 710.0 151.0 23.0 1.0  
1144278859 81824.0 15025.0 2644.0 425.0 75.0 7.0    
1144280498 1.0 49515.0 33092.0 12550.0 3661.0 961.0 166.0 47.0 7.0 
1144282136 82001.0 15059.0 2428.0 417.0 86.0 9.0    
1144283774 79647.0 16360.0 3180.0 641.0 149.0 23.0    
1144285413 82312.0 14800.0 2461.0 374.0 47.0 6.0    
1144287051 81971.0 15044.0 2473.0 429.0 81.0 1.0 0.0 1.0  
1144288690 81632.0 15104.0 2625.0 539.0 95.0 4.0 1.0   
1144290328 77822.0 17596.0 3701.0 734.0 126.0 16.0 3.0 2.0  
1144291966 82278.0 14735.0 2456.0 439.0 76.0 15.0 1.0   
1144293605 78139.0 17376.0 3595.0 703.0 164.0 16.0 3.0 4.0  
1144295243 82080.0 14975.0 2533.0 343.0 61.0 8.0    
1144296882 82366.0 14733.0 2431.0 408.0 53.0 6.0 3.0   
1144298520 82117.0 14931.0 2445.0 426.0 75.0 6.0    
1144300158 81877.0 15137.0 2456.0 460.0 64.0 6.0    
1144301797 81633.0 15056.0 2736.0 495.0 74.0 6.0    
1144303435 81556.0 15219.0 2664.0 489.0 69.0 2.0 1.0   
1144305074 82330.0 14705.0 2452.0 459.0 49.0 5.0    
1144306712 81524.0 15217.0 2649.0 524.0 68.0 18.0    
1144308350 511.0 55658.0 29691.0 10415.0 2838.0 699.0 143.0 36.0 7.0 2.0
1144309989 82309.0 14795.0 2367.0 436.0 82.0 11.0    
1144311627 81553.0 15242.0 2670.0 452.0 67.0 16.0    
1144313266 81812.0 14896.0 2739.0 468.0 76.0 9.0    
1144314904 82568.0 14697.0 2224.0 393.0 102.0 15.0 1.0   
1144316542 82286.0 14765.0 2450.0 400.0 80.0 19.0    
1144318181 82180.0 14721.0 2489.0 490.0 103.0 15.0 2.0   
1144319819 62724.0 27599.0 7498.0 1844.0 285.0 42.0 7.0 1.0  
1144321458 81908.0 14987.0 2589.0 429.0 77.0 10.0    
1144323096 135.0 68262.0 23657.0 6290.0 1326.0 252.0 56.0 22.0  
1144324734 82210.0 14822.0 2453.0 427.0 74.0 9.0 5.0   
1144326373 7.0 67491.0 24614.0 6003.0 1509.0 268.0 55.0 32.0 15.0 6.0
1144328011 82554.0 14670.0 2377.0 354.0 41.0 4.0    
1144329650 81243.0 15510.0 2771.0 414.0 54.0 8.0    
1144331288 72597.0 20924.0 5175.0 1086.0 163.0 45.0 10.0   
1144332926 78766.0 16977.0 3393.0 698.0 146.0 19.0 1.0   
1144334565 58407.0 30633.0 8448.0 1949.0 458.0 85.0 15.0 5.0  
1144336203 81412.0 15505.0 2553.0 404.0 102.0 24.0    
1144337842 81782.0 15051.0 2630.0 447.0 84.0 6.0    
1144339480 80016.0 16041.0 3065.0 720.0 125.0 20.0 8.0 4.0 1.0 
1144341118 81992.0 14959.0 2564.0 405.0 73.0 7.0    
1144342757 76015.0 19116.0 4003.0 712.0 143.0 11.0    
1144344395 82146.0 14745.0 2595.0 399.0 105.0 9.0 1.0   
1144346034 82308.0 14749.0 2475.0 398.0 66.0 4.0    
1144347672 76354.0 18472.0 4169.0 760.0 219.0 26.0    
1144349310 76911.0 18224.0 3943.0 773.0 123.0 24.0 2.0   
1144350949 81920.0 15012.0 2562.0 411.0 85.0 10.0    
1144352587 82103.0 14787.0 2599.0 432.0 69.0 9.0 1.0   
1144354226 82364.0 14750.0 2401.0 385.0 85.0 12.0 3.0   
1144355864 82002.0 14818.0 2581.0 483.0 91.0 24.0 1.0   
1144357502 81858.0 15083.0 2509.0 446.0 92.0 12.0    
1144359140          
1144360341 82098.0 14956.0 2440.0 422.0 71.0 13.0    
1144361980 81911.0 14971.0 2553.0 475.0 87.0 3.0    
1144363618 81895.0 14939.0 2661.0 423.0 73.0 9.0    
1144365257 82067.0 14922.0 2439.0 449.0 102.0 21.0    
1144366895 82152.0 14904.0 2480.0 379.0 78.0 7.0    
1144368533 82383.0 14639.0 2469.0 412.0 91.0 6.0    
1144370172 81686.0 15187.0 2636.0 415.0 70.0 6.0    
1144371810 81411.0 15228.0 2631.0 587.0 118.0 19.0 2.0 4.0  
1144373449 82055.0 15036.0 2382.0 434.0 76.0 15.0 2.0   
1144375087 82363.0 14812.0 2369.0 400.0 53.0 3.0    
1144376725 46809.0 35311.0 13291.0 3457.0 879.0 197.0 48.0 6.0 2.0 
1144378364 81569.0 15174.0 2634.0 513.0 93.0 13.0 4.0   
1144380002 81952.0 15100.0 2459.0 390.0 69.0 30.0    
1144381641 81692.0 15048.0 2648.0 503.0 96.0 12.0 1.0   
1144383279 81400.0 15594.0 2569.0 375.0 57.0 5.0    
1144384917 81639.0 15122.0 2643.0 467.0 112.0 15.0 2.0   
1144386556 80785.0 15618.0 2963.0 553.0 69.0 9.0 2.0 1.0  
1144388194 20692.0 54506.0 18533.0 4905.0 1093.0 224.0 38.0 8.0 1.0 
1144389833 82436.0 14680.0 2354.0 419.0 87.0 23.0 1.0   
1144391471 82420.0 14544.0 2456.0 448.0 95.0 19.0 15.0 3.0  
1144393109 82370.0 14658.0 2427.0 439.0 95.0 7.0 4.0   
1144394748 81890.0 15015.0 2542.0 470.0 69.0 14.0    
1144396386 81135.0 15486.0 2803.0 466.0 96.0 12.0 2.0   
1144398025 81934.0 15234.0 2357.0 392.0 66.0 16.0 1.0   
1144399663 81585.0 15190.0 2643.0 467.0 110.0 4.0 1.0   
1144401301 82312.0 14741.0 2430.0 434.0 76.0 7.0    
1144402940 81878.0 15138.0 2542.0 364.0 62.0 16.0    
1144404578 82310.0 14742.0 2458.0 410.0 77.0 3.0    
1144406217 82103.0 14800.0 2516.0 498.0 61.0 19.0 3.0   
1144407855 82127.0 15018.0 2424.0 347.0 70.0 12.0 2.0   
1144409493 82373.0 14693.0 2378.0 444.0 98.0 14.0    
1144411132 82303.0 14824.0 2445.0 348.0 70.0 10.0    
1144412770 75139.0 19224.0 4514.0 854.0 241.0 23.0 5.0   
1144414409 81513.0 15333.0 2641.0 430.0 76.0 6.0 1.0   
1144416047 81573.0 15193.0 2660.0 493.0 75.0 5.0 1.0   
1144417685 81974.0 14921.0 2543.0 452.0 104.0 6.0    
1144419324 82290.0 14663.0 2494.0 455.0 88.0 7.0 3.0   
1144420962 81966.0 14999.0 2516.0 441.0 61.0 14.0 3.0   
1144422601 81972.0 14905.0 2565.0 482.0 71.0 2.0 3.0   
1144424239 82353.0 14672.0 2480.0 395.0 90.0 10.0    
1144425877 81896.0 14885.0 2694.0 459.0 62.0 4.0    
1144427516 82036.0 14984.0 2451.0 455.0 60.0 13.0 1.0   
1144429154 82578.0 14463.0 2483.0 398.0 66.0 12.0    
1144430793 82225.0 14784.0 2444.0 455.0 79.0 11.0 2.0   
1144432431 81326.0 15293.0 2785.0 508.0 70.0 14.0 2.0 2.0  
1144434069 82233.0 14883.0 2426.0 419.0 34.0 5.0    
1144435708 81596.0 15230.0 2583.0 478.0 97.0 16.0    
1144437346 81893.0 14858.0 2666.0 481.0 78.0 22.0 2.0   
1144438985 82374.0 14579.0 2603.0 394.0 48.0 2.0    
1144440623 81925.0 14928.0 2599.0 460.0 79.0 6.0 3.0   
1144442261 68551.0 23534.0 6132.0 1422.0 286.0 58.0 13.0 2.0 1.0 1.0
1144443900 82132.0 14918.0 2472.0 401.0 62.0 15.0    
1144445538 82108.0 14967.0 2415.0 422.0 72.0 16.0    
1144447177 1721.0 67164.0 23612.0 5789.0 1394.0 249.0 54.0 14.0 3.0 
1144448815 82272.0 14836.0 2443.0 391.0 53.0 5.0    
1144450453 81924.0 14959.0 2532.0 475.0 94.0 11.0 2.0 2.0 1.0 
1144452092 80737.0 15832.0 2861.0 458.0 79.0 29.0 4.0   
1144453730 81688.0 15146.0 2637.0 441.0 76.0 7.0 3.0 2.0  
1144455369 61763.0 27525.0 8050.0 2042.0 504.0 96.0 19.0 1.0  
1144457007 80975.0 15750.0 2696.0 460.0 100.0 17.0 1.0 1.0  
1144458645          
1144459845 82556.0 14464.0 2471.0 388.0 110.0 7.0 4.0   
1144461484 81438.0 15246.0 2668.0 536.0 93.0 18.0 1.0   
1144463122 81979.0 14879.0 2546.0 472.0 113.0 10.0 1.0   
1144464761 81698.0 15083.0 2664.0 476.0 75.0 4.0    
1144466399 81742.0 15287.0 2517.0 407.0 39.0 8.0    
1144468037 81603.0 15055.0 2718.0 509.0 100.0 12.0 3.0   
1144469676 81556.0 15261.0 2601.0 476.0 93.0 10.0 2.0 1.0  
1144471314 81943.0 14963.0 2579.0 428.0 71.0 15.0 1.0   
1144472953 47940.0 36972.0 11674.0 2754.0 511.0 115.0 30.0 4.0  
1144474591 76829.0 17942.0 3932.0 972.0 269.0 40.0 10.0 5.0 1.0 
1144476229 78224.0 17351.0 3616.0 673.0 126.0 10.0    
1144477868 81944.0 15005.0 2567.0 398.0 79.0 7.0    
1144479506 82114.0 14953.0 2462.0 400.0 65.0 4.0 2.0   
1144481145 82553.0 14500.0 2397.0 460.0 76.0 13.0 1.0   
1144482783 81800.0 15067.0 2568.0 504.0 42.0 14.0 4.0 1.0  
1144484421 24906.0 52830.0 17205.0 4069.0 848.0 120.0 21.0 1.0  
1144486060 82547.0 14315.0 2589.0 442.0 93.0 14.0    
1144487698 74773.0 19561.0 4332.0 1037.0 237.0 45.0 12.0 3.0  
1144489337 81319.0 15481.0 2681.0 450.0 62.0 6.0 1.0   
1144490975 81026.0 15662.0 2769.0 477.0 60.0 6.0    
1144492613 81818.0 15015.0 2613.0 471.0 78.0 4.0 1.0   
1144494252 82476.0 14536.0 2384.0 491.0 97.0 11.0 5.0   
1144495890 81819.0 14906.0 2602.0 541.0 103.0 14.0 10.0 3.0 1.0 1.0
1144497529 82479.0 14456.0 2514.0 445.0 93.0 13.0    
1144499167 82373.0 14649.0 2464.0 433.0 75.0 6.0    
1144500805 81680.0 15148.0 2662.0 435.0 71.0 4.0    
1144502444 81907.0 15108.0 2485.0 407.0 86.0 7.0    
1144504082 82460.0 14549.0 2456.0 435.0 84.0 15.0 1.0   
1144505721 82132.0 14937.0 2438.0 400.0 90.0 3.0    
1144507359 82425.0 14537.0 2478.0 470.0 80.0 10.0    
1144508997 82180.0 14757.0 2471.0 480.0 88.0 21.0 3.0   
1144510636 75333.0 19340.0 4406.0 780.0 117.0 23.0 1.0   
1144512274 66418.0 25303.0 6585.0 1352.0 286.0 41.0 11.0 4.0  
1144513913 81504.0 15258.0 2640.0 471.0 108.0 16.0 3.0   
1144515551 71659.0 21674.0 5176.0 1199.0 226.0 52.0 8.0 6.0  
1144517189 81869.0 15025.0 2598.0 410.0 86.0 12.0    
1144518828 81993.0 14862.0 2631.0 454.0 52.0 7.0 1.0   
1144520466 81621.0 15221.0 2671.0 414.0 71.0 2.0    
1144522105 82425.0 14710.0 2362.0 427.0 72.0 4.0    
1144523743 81444.0 15399.0 2609.0 459.0 80.0 9.0    
1144525381 8307.0 62459.0 21858.0 5804.0 1232.0 298.0 38.0 4.0  
1144527020 81937.0 14819.0 2678.0 477.0 85.0 4.0    
1144528658 82302.0 14780.0 2470.0 382.0 53.0 13.0    
1144530297 82327.0 14748.0 2490.0 344.0 86.0 5.0    
1144531935 81304.0 15408.0 2778.0 417.0 81.0 11.0 1.0   
1144533573 82497.0 14493.0 2496.0 422.0 70.0 15.0 4.0 2.0 1.0 
1144535212 82542.0 14527.0 2451.0 421.0 48.0 11.0    
1144536850 82474.0 14581.0 2453.0 411.0 71.0 10.0    
1144538489 82118.0 14994.0 2415.0 406.0 63.0 4.0    
1144540127 82202.0 14977.0 2376.0 359.0 72.0 14.0    
1144541765 82467.0 14677.0 2391.0 381.0 74.0 9.0 1.0   
1144543404 82226.0 14874.0 2474.0 365.0 54.0 7.0    
1144545042 82125.0 14860.0 2504.0 417.0 90.0 4.0    
1144546681 82138.0 15059.0 2373.0 361.0 62.0 7.0    
1144548319 82520.0 14402.0 2538.0 415.0 106.0 15.0 4.0   
1144549957 81447.0 15211.0 2794.0 463.0 72.0 12.0 1.0   
1144551596 82273.0 14707.0 2521.0 420.0 71.0 8.0    
1144553234 82367.0 14775.0 2441.0 347.0 65.0 5.0    
1144554873 78912.0 16638.0 3545.0 713.0 164.0 26.0 2.0   
1144556511 81999.0 14805.0 2619.0 461.0 96.0 20.0    
1144558149          
1144559349 82164.0 14651.0 2658.0 451.0 69.0 7.0    
1144560988 80138.0 15991.0 3132.0 602.0 117.0 16.0 4.0   
1144562626 9915.0 60659.0 21935.0 5670.0 1334.0 349.0 92.0 39.0 6.0 1.0
1144564264 81994.0 15005.0 2527.0 401.0 70.0 3.0    
1144565903 81507.0 15410.0 2681.0 339.0 60.0 3.0    
1144567541 81761.0 15260.0 2540.0 378.0 51.0 6.0 3.0 1.0  
1144569180 82377.0 14652.0 2458.0 412.0 91.0 10.0    
1144570818 79765.0 16454.0 3089.0 562.0 113.0 15.0 2.0   
1144572456 81865.0 15093.0 2463.0 489.0 69.0 10.0 11.0   
1144574095 81935.0 14977.0 2590.0 446.0 48.0 4.0    
1144575733 75239.0 19308.0 4368.0 868.0 188.0 29.0    
1144577372 82155.0 14939.0 2411.0 426.0 66.0 3.0    
1144579010 82278.0 14724.0 2465.0 476.0 52.0 4.0 1.0   
1144580648 80529.0 16031.0 2865.0 460.0 103.0 10.0 2.0   
1144582287 82457.0 14545.0 2476.0 418.0 88.0 16.0    
1144583925 46969.0 37705.0 11710.0 2880.0 617.0 100.0 16.0 3.0  
1144585564 82306.0 14799.0 2384.0 420.0 78.0 11.0 2.0   
1144587202 82422.0 14581.0 2386.0 500.0 103.0 7.0 1.0   
1144588840 82062.0 14942.0 2486.0 408.0 87.0 12.0 3.0   
1144590479 82255.0 14814.0 2426.0 426.0 69.0 9.0 1.0   
1144592117 82231.0 14899.0 2368.0 405.0 92.0 5.0    
1144593756 82313.0 14760.0 2444.0 386.0 87.0 10.0    
1144595394 82104.0 14981.0 2418.0 412.0 79.0 6.0    
1144597032 82091.0 14927.0 2476.0 426.0 65.0 15.0    
1144598671 82198.0 14773.0 2416.0 529.0 78.0 6.0    
1144600309 81229.0 15578.0 2649.0 478.0 64.0 2.0    
1144601948 77919.0 17672.0 3565.0 710.0 114.0 20.0    
1144603586 81851.0 15217.0 2422.0 422.0 77.0 10.0 1.0   
1144605224 82215.0 14878.0 2392.0 440.0 60.0 13.0 1.0 0.0 1.0 
1144606863 82340.0 14788.0 2374.0 408.0 71.0 18.0 1.0   
1144608501 81039.0 15508.0 2860.0 481.0 108.0 4.0    
1144610140 81444.0 15106.0 2761.0 566.0 102.0 21.0    
1144611778 81928.0 14972.0 2461.0 526.0 100.0 13.0    
1144613416 81258.0 15527.0 2694.0 440.0 77.0 3.0 1.0   
1144615055 82122.0 14928.0 2499.0 385.0 61.0 5.0    
1144616693 81747.0 15148.0 2619.0 410.0 66.0 8.0 2.0   
1144618332 82540.0 14462.0 2419.0 464.0 98.0 16.0 1.0   
1144619970 82362.0 14733.0 2406.0 397.0 94.0 8.0    
1144621608 82170.0 14876.0 2503.0 372.0 64.0 13.0 2.0   
1144623247 77297.0 18063.0 3767.0 721.0 134.0 18.0    
1144624885 82443.0 14524.0 2507.0 419.0 83.0 18.0 5.0 1.0  
1144626524 82247.0 14800.0 2486.0 413.0 47.0 6.0 0.0 1.0  
1144628162 82541.0 14565.0 2450.0 385.0 55.0 4.0    
1144629800 71423.0 21761.0 5265.0 1268.0 236.0 35.0 12.0   
1144631439 12135.0 59068.0 21316.0 5771.0 1294.0 310.0 89.0 17.0  
1144633077 82167.0 14983.0 2421.0 358.0 69.0 2.0    
1144634716 81783.0 15105.0 2615.0 427.0 63.0 7.0    
1144636354 82011.0 15073.0 2430.0 403.0 70.0 13.0    
1144637992 58134.0 29968.0 8906.0 2384.0 484.0 103.0 21.0   
1144639631 81265.0 15398.0 2708.0 514.0 93.0 21.0 1.0   
1144641269 81463.0 15350.0 2646.0 425.0 93.0 23.0    
1144642908 82139.0 14897.0 2486.0 391.0 76.0 8.0 3.0   
1144644546 57098.0 31238.0 9023.0 2134.0 403.0 79.0 13.0 12.0  
1144646184 82375.0 14685.0 2439.0 426.0 69.0 6.0    
1144647823 82502.0 14597.0 2431.0 409.0 47.0 14.0    
1144649461 9532.0 61808.0 21474.0 5606.0 1244.0 300.0 31.0 3.0 2.0 
1144651100 82586.0 14607.0 2325.0 405.0 68.0 9.0    
1144652738 81028.0 15710.0 2646.0 496.0 113.0 7.0    
1144654376 81333.0 15334.0 2737.0 477.0 106.0 13.0    
1144656015 78807.0 17026.0 3352.0 651.0 126.0 34.0 4.0   
