 0 1 2 3 4 5 6 7 8 9
1143763317 80005.0 16208.0 3115.0 553.0 113.0 6.0    
1143764956 80858.0 15550.0 3000.0 489.0 90.0 13.0    
1143766594 79776.0 16240.0 3177.0 650.0 135.0 21.0 1.0   
1143768233 81155.0 15443.0 2779.0 513.0 99.0 11.0    
1143769871 81097.0 15575.0 2718.0 483.0 115.0 12.0    
1143771509 80792.0 15596.0 2927.0 571.0 90.0 16.0 8.0   
1143773148 80940.0 15641.0 2842.0 492.0 83.0 2.0    
1143774786 79696.0 16342.0 3188.0 634.0 121.0 17.0 2.0   
1143776425 80964.0 15634.0 2727.0 516.0 132.0 24.0 3.0   
1143778063 81179.0 15425.0 2808.0 479.0 96.0 13.0    
1143779701 80861.0 15743.0 2837.0 479.0 71.0 9.0    
1143781340 79317.0 16555.0 3240.0 683.0 150.0 39.0 12.0 4.0  
1143782978 80788.0 15596.0 2963.0 539.0 99.0 3.0 10.0 2.0  
1143784617 80846.0 15586.0 2892.0 548.0 120.0 8.0    
1143786255 81026.0 15507.0 2786.0 582.0 87.0 8.0 4.0   
1143787893 80538.0 15854.0 2944.0 559.0 96.0 9.0    
1143789532 80952.0 15603.0 2804.0 535.0 89.0 12.0 5.0   
1143791170 81055.0 15467.0 2828.0 564.0 68.0 16.0 2.0   
1143792809 80235.0 15934.0 3165.0 563.0 96.0 5.0 2.0   
1143794447 80449.0 15847.0 2947.0 629.0 112.0 16.0    
1143796085 81045.0 15520.0 2839.0 486.0 90.0 20.0    
1143797724 81179.0 15532.0 2730.0 457.0 90.0 11.0 1.0   
1143799362 80370.0 15804.0 3088.0 642.0 87.0 8.0 1.0   
1143801001 81053.0 15501.0 2857.0 497.0 79.0 8.0 4.0 1.0  
1143802639 7324.0 61756.0 22917.0 6142.0 1496.0 305.0 52.0 8.0  
1143804277 80978.0 15449.0 2895.0 561.0 90.0 17.0 8.0 2.0  
1143805916 80601.0 15652.0 3069.0 553.0 94.0 29.0 2.0   
1143807554 38599.0 42537.0 14132.0 3673.0 825.0 161.0 69.0 3.0 1.0 
1143809193 7.0 65443.0 25151.0 7036.0 1787.0 439.0 87.0 34.0 8.0 8.0
1143810831 79796.0 16260.0 3174.0 653.0 112.0 5.0    
1143812469 80995.0 15462.0 2867.0 559.0 96.0 17.0 4.0   
1143814108 80555.0 15752.0 2994.0 540.0 118.0 33.0 4.0 1.0 0.0 3.0
1143815746 80911.0 15283.0 3063.0 618.0 108.0 13.0 4.0   
1143817385 1461.0 64872.0 24618.0 6734.0 1713.0 486.0 88.0 25.0 3.0 
1143819023 80958.0 15614.0 2812.0 521.0 83.0 12.0    
1143820661 81347.0 15342.0 2701.0 513.0 82.0 12.0 3.0   
1143822300 80477.0 15856.0 3004.0 555.0 95.0 11.0 2.0   
1143823938 80898.0 15694.0 2833.0 473.0 82.0 18.0 1.0 1.0  
1143825577 81040.0 15542.0 2856.0 457.0 96.0 9.0    
1143827215 81201.0 15506.0 2695.0 493.0 92.0 10.0 2.0 1.0  
1143828853 80568.0 15848.0 2903.0 543.0 126.0 11.0 1.0   
1143830492 80692.0 15776.0 2902.0 522.0 96.0 11.0 1.0   
1143832130 81173.0 15428.0 2881.0 438.0 69.0 11.0    
1143833769 81312.0 15332.0 2719.0 539.0 86.0 10.0 1.0 0.0 1.0 
1143835407 81140.0 15523.0 2763.0 504.0 63.0 7.0    
1143837045 80801.0 15731.0 2859.0 526.0 67.0 16.0    
1143838684 81237.0 15288.0 2872.0 505.0 86.0 10.0 2.0   
1143840322 80799.0 15453.0 3010.0 570.0 131.0 30.0 5.0 2.0  
1143841961 81567.0 15245.0 2557.0 512.0 107.0 10.0 2.0   
1143843599 80878.0 15633.0 2899.0 485.0 94.0 10.0 1.0   
1143845237 80823.0 15393.0 3026.0 590.0 130.0 32.0 5.0 1.0  
1143846876 81064.0 15393.0 2892.0 527.0 117.0 7.0    
1143848514 81092.0 15471.0 2877.0 459.0 83.0 16.0 2.0   
1143850153 80257.0 15958.0 3036.0 585.0 144.0 15.0 4.0 1.0  
1143851791 80961.0 15556.0 2933.0 457.0 82.0 11.0    
1143853429 81148.0 15680.0 2604.0 475.0 87.0 5.0 1.0   
1143855068 80789.0 15782.0 2803.0 519.0 95.0 11.0 1.0   
1143856706 80009.0 16129.0 3187.0 559.0 102.0 14.0    
1143858345 80815.0 15724.0 2814.0 504.0 130.0 13.0    
1143859983 81260.0 15275.0 2838.0 506.0 95.0 21.0 5.0   
1143861621          
1143863259          
1143864897          
1143866535          
1143868173          
1143869811          
1143871449          
1143873087          
1143874725          
1143876363          
1143878001          
1143879639          
1143881277          
1143882915          
1143884553          
1143886191          
1143887829          
1143889467          
1143891105          
1143892743          
1143894381          
1143896019          
1143897657          
1143899295          
1143900933          
1143902571          
1143904209          
1143905847          
1143907485          
1143909123          
1143910761          
1143912399          
1143914037          
1143915675          
1143917313          
1143918951          
1143920589          
1143922227          
1143923865          
1143925503          
1143927141          
1143928779          
1143930417          
1143932055          
1143933693          
1143935331          
1143936969          
1143938607          
1143940245          
1143941883          
1143943521          
1143945159          
1143946797          
1143948435          
1143950073          
1143951711          
1143953349          
1143954987          
1143956625          
1143958263          
1143959901          
1143961539          
1143962325 80806.0 15481.0 3022.0 564.0 115.0 12.0    
1143963964 80805.0 15513.0 2979.0 571.0 121.0 8.0 3.0   
1143965602 79844.0 16350.0 3153.0 548.0 96.0 9.0    
1143967241 81038.0 15337.0 2971.0 514.0 113.0 26.0 1.0   
1143968879 81098.0 15522.0 2747.0 488.0 124.0 19.0 2.0   
1143970517 81139.0 15359.0 2808.0 567.0 110.0 17.0    
1143972156 80792.0 15547.0 2965.0 564.0 122.0 10.0    
1143973794 79965.0 16189.0 3133.0 579.0 105.0 19.0 9.0 1.0  
1143975433 80729.0 15843.0 2821.0 481.0 104.0 12.0 5.0 4.0 1.0 
1143977071 80915.0 15331.0 3032.0 573.0 115.0 27.0 7.0   
1143978709 81380.0 15136.0 2878.0 517.0 80.0 7.0 2.0   
1143980348 80808.0 15607.0 2919.0 523.0 105.0 30.0 7.0 1.0  
1143981986 80704.0 15826.0 2866.0 497.0 98.0 9.0    
1143983625 81037.0 15599.0 2755.0 492.0 98.0 15.0 4.0   
1143985263 81275.0 15125.0 2872.0 571.0 115.0 39.0 3.0   
1143986901 80885.0 15595.0 2871.0 567.0 72.0 9.0 1.0   
1143988540 81034.0 15423.0 2889.0 536.0 102.0 12.0 4.0   
1143990178 81134.0 15149.0 2990.0 580.0 110.0 30.0 6.0 1.0  
1143991817 81161.0 15362.0 2845.0 503.0 112.0 13.0 4.0   
1143993455 80981.0 15635.0 2711.0 550.0 103.0 19.0 1.0   
1143995093 80992.0 15575.0 2862.0 487.0 77.0 7.0    
1143996732 81471.0 15089.0 2818.0 520.0 85.0 17.0    
1143998370 81115.0 15441.0 2822.0 498.0 109.0 12.0 3.0   
1144000009 80784.0 15572.0 2917.0 608.0 104.0 15.0    
1144001647 80939.0 15477.0 2918.0 525.0 116.0 21.0 4.0   
1144003285 80994.0 15475.0 2863.0 540.0 112.0 11.0 4.0 1.0  
1144004924 80630.0 15671.0 2946.0 623.0 124.0 6.0    
1144006562 81076.0 15447.0 2827.0 529.0 112.0 8.0 1.0   
1144008201 69744.0 22577.0 5990.0 1373.0 275.0 41.0    
1144009839 80508.0 16020.0 2763.0 551.0 128.0 20.0 8.0 2.0  
1144011477 80459.0 16058.0 2902.0 465.0 108.0 7.0 1.0   
1144013116 81511.0 15139.0 2701.0 532.0 100.0 13.0 4.0   
1144014754 81366.0 15223.0 2700.0 555.0 126.0 17.0 12.0 1.0  
1144016393 80890.0 15669.0 2845.0 539.0 54.0 3.0    
1144018031 80714.0 15590.0 2984.0 597.0 99.0 10.0 6.0   
1144019669 80605.0 15838.0 2898.0 525.0 115.0 19.0    
1144021308 80937.0 15565.0 2896.0 498.0 95.0 8.0 1.0   
1144022946 80789.0 15720.0 2918.0 470.0 100.0 3.0    
1144024585 80839.0 15610.0 2972.0 457.0 110.0 12.0    
1144026223 81191.0 15323.0 2833.0 529.0 95.0 16.0 12.0 1.0  
1144027861 81111.0 15450.0 2876.0 460.0 87.0 15.0 1.0   
1144029500 81045.0 15504.0 2815.0 544.0 80.0 12.0    
1144031138 80001.0 16025.0 3197.0 696.0 79.0 0.0 2.0   
1144032777 81048.0 15215.0 3035.0 557.0 111.0 29.0 4.0 1.0  
1144034415 81118.0 15469.0 2779.0 506.0 101.0 20.0 7.0   
1144036053 80994.0 15433.0 2948.0 492.0 98.0 33.0 2.0   
1144037692 80924.0 15649.0 2814.0 485.0 114.0 13.0 1.0   
1144039330 80832.0 15607.0 2858.0 571.0 117.0 14.0 1.0   
1144040969 80644.0 15884.0 2813.0 545.0 89.0 15.0 10.0   
1144042607 80682.0 15513.0 3151.0 544.0 102.0 5.0 2.0 1.0  
1144044245 80588.0 15724.0 3002.0 573.0 101.0 12.0    
1144045884 81106.0 15449.0 2875.0 469.0 84.0 16.0 1.0   
1144047522 80937.0 15577.0 2808.0 562.0 103.0 13.0    
1144049161 81688.0 15109.0 2660.0 470.0 67.0 6.0    
1144050799 81370.0 15199.0 2779.0 530.0 108.0 14.0    
1144052437 62207.0 26854.0 8282.0 2056.0 502.0 84.0 14.0 0.0 1.0 
1144054076 80856.0 15602.0 2937.0 506.0 74.0 22.0 3.0   
1144055714 80876.0 15420.0 2999.0 528.0 150.0 25.0 2.0   
1144057353 81245.0 15193.0 2816.0 568.0 163.0 12.0 3.0   
1144058991 81396.0 15236.0 2757.0 495.0 105.0 9.0 1.0 1.0  
1144060629          
1144061829 80900.0 15665.0 2872.0 491.0 63.0 8.0 1.0   
1144063468 80687.0 15819.0 2939.0 440.0 102.0 13.0    
1144065106 80973.0 15652.0 2846.0 429.0 88.0 8.0 4.0   
1144066744 73126.0 20243.0 5059.0 1161.0 285.0 75.0 51.0   
1144068383 81156.0 15196.0 2881.0 562.0 144.0 51.0 8.0 2.0  
1144070021 80597.0 15642.0 3071.0 568.0 110.0 11.0 1.0   
1144071660 81025.0 15549.0 2788.0 521.0 107.0 6.0 4.0   
1144073298 80700.0 15615.0 2999.0 575.0 92.0 19.0    
1144074936 81321.0 15270.0 2853.0 455.0 87.0 11.0 3.0   
1144076575 80258.0 15975.0 3090.0 565.0 95.0 12.0 3.0 2.0  
1144078213 81024.0 15312.0 2988.0 547.0 113.0 14.0 1.0 1.0  
1144079852 46728.0 36945.0 12342.0 3048.0 735.0 159.0 37.0 6.0  
1144081490 72490.0 20467.0 5313.0 1337.0 305.0 53.0 28.0 7.0  
1144083128 81205.0 15391.0 2782.0 516.0 101.0 5.0    
1144084767 23868.0 50981.0 18813.0 4962.0 1101.0 205.0 51.0 17.0 2.0 
1144086405 81110.0 15381.0 2865.0 541.0 97.0 6.0    
1144088044 81055.0 15597.0 2771.0 482.0 90.0 4.0 1.0   
1144089682 80966.0 15477.0 2925.0 539.0 78.0 11.0 4.0   
1144091320 81107.0 15548.0 2723.0 529.0 72.0 16.0 4.0 1.0  
1144092959 81034.0 15435.0 2792.0 582.0 130.0 23.0 4.0   
1144094597 81177.0 15361.0 2781.0 556.0 95.0 25.0 5.0   
1144096236 81212.0 15260.0 2818.0 570.0 113.0 17.0 8.0 2.0  
1144097874 80821.0 15729.0 2847.0 514.0 78.0 10.0 1.0   
1144099512 80547.0 15936.0 2912.0 508.0 81.0 15.0 1.0   
1144101151 81009.0 15632.0 2783.0 477.0 94.0 5.0    
1144102789 80904.0 15446.0 3004.0 515.0 111.0 14.0 6.0   
1144104428 80820.0 15566.0 2984.0 526.0 96.0 7.0 1.0   
1144106066 80684.0 15886.0 2880.0 456.0 90.0 4.0    
1144107704 81083.0 15373.0 2884.0 529.0 110.0 13.0 7.0 1.0  
1144109343 47191.0 36712.0 12186.0 3059.0 664.0 146.0 28.0 12.0 2.0 
1144110981 80774.0 15482.0 3051.0 587.0 99.0 6.0 1.0   
1144112620 81001.0 15497.0 2838.0 541.0 101.0 21.0 1.0   
1144114258 80912.0 15571.0 2902.0 515.0 91.0 7.0 2.0   
1144115896 79878.0 16164.0 3201.0 624.0 119.0 13.0 1.0   
1144117535 80968.0 15745.0 2703.0 488.0 87.0 9.0    
1144119173 81036.0 15332.0 2954.0 574.0 96.0 7.0 1.0   
1144120812 80954.0 15523.0 2975.0 483.0 59.0 6.0    
1144122450 81379.0 15183.0 2782.0 548.0 92.0 12.0 4.0   
1144124088 80857.0 15578.0 2978.0 456.0 118.0 9.0 4.0   
1144125727 79690.0 16187.0 3310.0 677.0 121.0 14.0 1.0   
1144127365 80872.0 15572.0 2888.0 533.0 116.0 18.0 1.0   
1144129004 81239.0 15371.0 2731.0 546.0 100.0 12.0 1.0   
1144130642 80763.0 15636.0 2881.0 513.0 168.0 27.0 12.0   
1144132280 80800.0 15598.0 2871.0 582.0 125.0 14.0 9.0 1.0  
1144133919 81243.0 15316.0 2780.0 569.0 82.0 8.0 2.0   
1144135557 80984.0 15648.0 2786.0 482.0 75.0 25.0    
1144137196 80749.0 15634.0 2942.0 549.0 90.0 30.0 6.0   
1144138834 81227.0 15406.0 2789.0 499.0 73.0 6.0    
1144140472 51403.0 34021.0 10909.0 2837.0 674.0 131.0 23.0 1.0 1.0 
1144142111 80931.0 15523.0 2805.0 599.0 114.0 20.0 8.0   
1144143749 81406.0 15063.0 2848.0 565.0 107.0 7.0 4.0   
1144145388 81197.0 15451.0 2775.0 502.0 71.0 4.0    
1144147026 81056.0 15238.0 2898.0 597.0 148.0 50.0 12.0 1.0  
1144148664 81283.0 15111.0 2920.0 542.0 130.0 13.0 1.0   
1144150303 80638.0 15633.0 2958.0 605.0 134.0 22.0 7.0 3.0  
1144151941 80739.0 15637.0 2971.0 559.0 86.0 8.0    
1144153580 80685.0 15673.0 2995.0 544.0 90.0 13.0    
1144155218 80661.0 15538.0 3108.0 559.0 89.0 21.0 22.0 2.0  
1144156856 81237.0 15380.0 2720.0 518.0 130.0 11.0 1.0 3.0  
1144158495 80925.0 15384.0 2939.0 619.0 101.0 30.0 2.0   
1144160133          
1144161333 80269.0 15970.0 3067.0 528.0 144.0 16.0 6.0   
1144162971 80580.0 15729.0 2911.0 664.0 101.0 12.0 3.0   
1144164610 80214.0 15906.0 3133.0 627.0 108.0 10.0 2.0   
1144166248 80701.0 15559.0 3014.0 553.0 139.0 30.0 3.0 1.0  
1144167887 81224.0 15313.0 2797.0 564.0 92.0 8.0 2.0   
1144169525 81245.0 15211.0 2896.0 539.0 90.0 19.0    
1144171163 81194.0 15363.0 2787.0 527.0 111.0 15.0 3.0   
1144172802 80211.0 15928.0 3064.0 614.0 127.0 36.0 20.0   
1144174440 80732.0 15382.0 3240.0 536.0 91.0 19.0    
1144176079 81314.0 15281.0 2789.0 507.0 92.0 16.0 1.0   
1144177717 81150.0 15272.0 2981.0 477.0 92.0 20.0 7.0 0.0 1.0 
1144179355 80977.0 15696.0 2663.0 540.0 112.0 9.0 3.0   
1144180994 81367.0 15367.0 2655.0 480.0 116.0 12.0 3.0   
1144182632 80967.0 15409.0 2967.0 567.0 86.0 4.0    
1144184271 80973.0 15466.0 2817.0 625.0 109.0 10.0    
1144185909 80586.0 15436.0 3193.0 607.0 100.0 60.0 14.0 4.0  
1144187547 80919.0 15713.0 2760.0 514.0 90.0 4.0    
1144189186 80815.0 15739.0 2831.0 516.0 93.0 6.0    
1144190824 80986.0 15490.0 2822.0 579.0 113.0 9.0 1.0   
1144192463 80796.0 15617.0 3013.0 499.0 64.0 9.0 1.0 1.0  
1144194101 81080.0 15321.0 2848.0 621.0 105.0 23.0 2.0   
1144195739 81063.0 15628.0 2743.0 479.0 74.0 12.0 1.0   
1144197378 80950.0 15613.0 2854.0 498.0 69.0 15.0 1.0   
1144199016 80855.0 15749.0 2849.0 433.0 104.0 8.0 2.0   
1144200655 81090.0 15425.0 2949.0 446.0 75.0 13.0 2.0   
1144202293 81126.0 15502.0 2816.0 440.0 107.0 9.0    
1144203931 81278.0 15074.0 2870.0 580.0 151.0 30.0 11.0 3.0 3.0 
1144205570 81266.0 15305.0 2813.0 502.0 89.0 23.0 2.0   
1144207208 80728.0 15718.0 2883.0 517.0 140.0 13.0 1.0   
1144208847 81038.0 15390.0 2937.0 509.0 108.0 15.0 3.0   
1144210485 72193.0 20965.0 5185.0 1262.0 306.0 64.0 25.0   
1144212123 80950.0 15645.0 2812.0 506.0 72.0 10.0 5.0   
1144213762 80921.0 15778.0 2668.0 520.0 101.0 12.0    
1144215400 80672.0 15727.0 2985.0 505.0 100.0 8.0 3.0   
1144217039 64046.0 26034.0 7703.0 1749.0 384.0 60.0 21.0 3.0  
1144218677 80667.0 15774.0 2812.0 633.0 112.0 2.0    
1144220315 81268.0 15423.0 2757.0 445.0 103.0 4.0    
1144221954 81231.0 15426.0 2711.0 554.0 75.0 3.0    
1144223592 81167.0 15468.0 2788.0 507.0 68.0 2.0    
1144225231 80664.0 15654.0 3023.0 548.0 100.0 10.0 1.0   
1144226869 81204.0 15434.0 2753.0 488.0 103.0 18.0    
1144228507 80874.0 15419.0 3042.0 546.0 111.0 6.0 2.0   
1144230146 81000.0 15464.0 2945.0 492.0 92.0 6.0 1.0   
1144231784 81197.0 15292.0 2857.0 521.0 109.0 17.0 7.0   
1144233423 80478.0 15984.0 2884.0 536.0 101.0 15.0 2.0   
1144235061 826.0 63774.0 25480.0 7365.0 1890.0 448.0 124.0 40.0 31.0 22.0
1144236699 81177.0 15342.0 2822.0 544.0 99.0 15.0 1.0   
1144238338 81092.0 15607.0 2715.0 457.0 119.0 10.0    
1144239976 81261.0 15245.0 2845.0 511.0 131.0 7.0    
1144241615 81163.0 15361.0 2852.0 506.0 108.0 7.0 3.0   
1144243253 81577.0 15192.0 2701.0 477.0 50.0 3.0    
1144244891 80915.0 15486.0 2981.0 523.0 80.0 12.0 3.0   
1144246530 80416.0 15801.0 3087.0 553.0 118.0 25.0    
1144248168 80722.0 15644.0 3043.0 490.0 87.0 12.0 2.0   
1144249807 81216.0 15254.0 2855.0 537.0 112.0 25.0 1.0   
1144251445 80868.0 15539.0 2901.0 533.0 119.0 25.0 14.0 1.0  
1144253083 79683.0 16360.0 3152.0 633.0 130.0 35.0 7.0   
1144254722 81303.0 15440.0 2677.0 493.0 81.0 5.0 1.0   
1144256360 80728.0 15547.0 3091.0 523.0 101.0 10.0    
1144257999 80899.0 15436.0 2971.0 536.0 128.0 28.0 2.0   
1144259637          
1144260837 81112.0 15402.0 2900.0 454.0 108.0 20.0 4.0   
1144262475 81092.0 15376.0 2905.0 520.0 100.0 7.0    
1144264114 81184.0 15461.0 2815.0 466.0 70.0 4.0    
1144265752 81192.0 15348.0 2884.0 495.0 76.0 5.0    
1144267390 81143.0 15365.0 2867.0 523.0 90.0 12.0    
1144269029 81192.0 15579.0 2703.0 456.0 65.0 5.0    
1144270667 80567.0 15875.0 2919.0 517.0 91.0 24.0 4.0 3.0  
1144272306 81361.0 15290.0 2754.0 496.0 78.0 19.0 2.0   
1144273944 81150.0 15433.0 2822.0 525.0 69.0 1.0    
1144275582 81262.0 15210.0 2832.0 563.0 111.0 18.0 4.0   
1144277221 80104.0 16091.0 3066.0 573.0 132.0 25.0 6.0 3.0  
1144278859 80762.0 15434.0 3055.0 607.0 121.0 13.0 6.0 1.0 1.0 
1144280498 80227.0 16121.0 2970.0 545.0 124.0 13.0    
1144282136 80795.0 15826.0 2788.0 472.0 106.0 13.0    
1144283774 79478.0 16182.0 3522.0 671.0 123.0 13.0 11.0   
1144285413 81135.0 15376.0 2828.0 513.0 124.0 23.0 1.0   
1144287051 80080.0 16088.0 3075.0 590.0 151.0 11.0 3.0 2.0  
1144288690 81269.0 15411.0 2758.0 466.0 85.0 11.0    
1144290328 80727.0 15742.0 2870.0 546.0 103.0 12.0    
1144291966 80439.0 15932.0 2919.0 598.0 96.0 11.0 4.0 1.0  
1144293605 81069.0 15394.0 2842.0 578.0 99.0 13.0 5.0   
1144295243 81454.0 15181.0 2791.0 493.0 71.0 10.0    
1144296882 79955.0 16197.0 3139.0 588.0 109.0 12.0    
1144298520 3731.0 63717.0 24029.0 6556.0 1537.0 325.0 69.0 29.0 4.0 3.0
1144300158 81385.0 15360.0 2703.0 473.0 75.0 4.0    
1144301797 80987.0 15555.0 2816.0 516.0 102.0 21.0 3.0   
1144303435 80845.0 15653.0 2884.0 495.0 105.0 16.0 2.0   
1144305074 79951.0 16168.0 3121.0 621.0 98.0 27.0 11.0 1.0 1.0 1.0
1144306712 80938.0 15424.0 3026.0 484.0 109.0 17.0 2.0   
1144308350 81009.0 15533.0 2810.0 524.0 101.0 22.0 1.0   
1144309989 80910.0 15402.0 3010.0 566.0 109.0 3.0    
1144311627 80108.0 15940.0 3220.0 612.0 88.0 16.0 7.0 6.0 3.0 
1144313266 80751.0 15725.0 2912.0 496.0 96.0 20.0    
1144314904 80999.0 15380.0 2987.0 513.0 109.0 10.0 0.0 2.0  
1144316542 17842.0 54911.0 20362.0 5344.0 1261.0 227.0 45.0 7.0 1.0 
1144318181 81161.0 15388.0 2821.0 522.0 101.0 5.0 2.0   
1144319819 80731.0 15623.0 3000.0 538.0 95.0 6.0 6.0 1.0  
1144321458 80989.0 15414.0 2893.0 563.0 121.0 13.0 7.0   
1144323096 81176.0 15435.0 2819.0 473.0 87.0 7.0 3.0   
1144324734 81228.0 15410.0 2742.0 527.0 88.0 4.0 1.0   
1144326373 81472.0 14983.0 2857.0 523.0 139.0 12.0 7.0 2.0 3.0 2.0
1144328011 81211.0 15277.0 2881.0 528.0 95.0 8.0    
1144329650 81004.0 15460.0 2796.0 572.0 146.0 17.0 5.0   
1144331288 80919.0 15574.0 2847.0 518.0 130.0 12.0    
1144332926 81134.0 15306.0 2943.0 519.0 94.0 3.0 1.0   
1144334565 81162.0 15362.0 2874.0 485.0 99.0 16.0 2.0   
1144336203 81345.0 15436.0 2751.0 391.0 72.0 5.0    
1144337842 81089.0 15357.0 2861.0 575.0 104.0 9.0 5.0   
1144339480 81210.0 15395.0 2768.0 538.0 75.0 12.0 2.0   
1144341118 80900.0 15491.0 2970.0 521.0 106.0 9.0 3.0   
1144342757 81082.0 15300.0 2921.0 573.0 100.0 23.0 1.0   
1144344395 80221.0 15845.0 3176.0 622.0 130.0 6.0    
1144346034 80945.0 15557.0 2900.0 492.0 93.0 12.0 1.0   
1144347672 81222.0 15404.0 2732.0 514.0 111.0 12.0 5.0   
1144349310 81242.0 15379.0 2780.0 478.0 107.0 14.0    
1144350949 80878.0 15562.0 2885.0 560.0 97.0 16.0 2.0   
1144352587 80997.0 15483.0 2807.0 569.0 117.0 20.0 7.0   
1144354226 80633.0 15760.0 2926.0 564.0 93.0 24.0    
1144355864 81046.0 15563.0 2880.0 443.0 59.0 9.0    
1144357502 80919.0 15683.0 2756.0 537.0 85.0 17.0 3.0   
1144359140          
1144360341 81261.0 15137.0 2937.0 564.0 76.0 22.0 3.0   
1144361980 80834.0 15473.0 2946.0 614.0 128.0 3.0 2.0   
1144363618 80724.0 15732.0 2880.0 543.0 110.0 11.0    
1144365257 80903.0 15640.0 2821.0 529.0 93.0 14.0    
1144366895 81043.0 15429.0 2954.0 485.0 76.0 13.0    
1144368533 81248.0 15389.0 2798.0 469.0 82.0 11.0 3.0   
1144370172 81002.0 15382.0 2940.0 551.0 96.0 23.0 5.0 1.0  
1144371810 81269.0 15318.0 2856.0 452.0 90.0 15.0    
1144373449 81095.0 15512.0 2742.0 530.0 105.0 13.0 3.0   
1144375087 81043.0 15217.0 2899.0 695.0 130.0 14.0 2.0   
1144376725 80979.0 15605.0 2782.0 525.0 94.0 14.0 1.0   
1144378364 77099.0 18111.0 3847.0 771.0 138.0 22.0 7.0 4.0 1.0 
1144380002 80995.0 15499.0 2826.0 576.0 89.0 13.0 1.0 1.0  
1144381641 80785.0 15712.0 2841.0 532.0 118.0 11.0 1.0   
1144383279 80707.0 15585.0 3080.0 489.0 129.0 10.0    
1144384917 81238.0 15467.0 2679.0 489.0 100.0 24.0 3.0   
1144386556 80902.0 15623.0 2878.0 524.0 68.0 5.0    
1144388194 80942.0 15660.0 2811.0 484.0 96.0 7.0    
1144389833 80193.0 16066.0 3088.0 542.0 106.0 5.0    
1144391471 79792.0 16407.0 3155.0 563.0 72.0 11.0    
1144393109 78100.0 17140.0 3775.0 733.0 208.0 28.0 13.0 2.0 1.0 
1144394748 80499.0 15725.0 3055.0 572.0 133.0 14.0 2.0   
1144396386 80618.0 15816.0 2909.0 526.0 108.0 21.0 2.0   
1144398025 80913.0 15711.0 2810.0 457.0 103.0 4.0 2.0   
1144399663 81242.0 15335.0 2789.0 511.0 105.0 18.0    
1144401301 81186.0 15312.0 2834.0 572.0 88.0 8.0    
1144402940 650.0 65157.0 25091.0 6854.0 1715.0 400.0 110.0 16.0 7.0 
1144404578 80906.0 15629.0 2765.0 556.0 127.0 17.0    
1144406217 80624.0 15811.0 2931.0 539.0 88.0 7.0    
1144407855 76021.0 14256.0 6179.0 2426.0 764.0 227.0 94.0 28.0 5.0 
1144409493 53526.0 32709.0 10572.0 2526.0 546.0 95.0 22.0 4.0  
1144411132 81192.0 15442.0 2722.0 512.0 111.0 20.0 1.0   
1144412770 79470.0 16580.0 3198.0 615.0 121.0 11.0 5.0   
1144414409 81206.0 15502.0 2702.0 489.0 95.0 6.0    
1144416047 81146.0 15268.0 2896.0 549.0 126.0 12.0 2.0 1.0  
1144417685 74998.0 19114.0 4596.0 1011.0 236.0 43.0 2.0   
1144419324 80775.0 15656.0 2940.0 541.0 83.0 5.0    
1144420962 80964.0 15507.0 2877.0 537.0 103.0 12.0    
1144422601 80680.0 15400.0 3133.0 654.0 120.0 9.0 4.0   
1144424239 80980.0 15436.0 2988.0 498.0 90.0 8.0    
1144425877 81268.0 15387.0 2777.0 468.0 90.0 9.0 1.0   
1144427516 80743.0 15772.0 2863.0 521.0 90.0 9.0 1.0 1.0  
1144429154 81137.0 15425.0 2815.0 535.0 82.0 6.0    
1144430793 81349.0 15231.0 2735.0 563.0 92.0 17.0 12.0 1.0  
1144432431 81165.0 15330.0 2789.0 563.0 125.0 26.0 2.0   
1144434069 80597.0 15578.0 3094.0 586.0 121.0 22.0 2.0   
1144435708 81244.0 15492.0 2690.0 493.0 72.0 8.0 1.0   
1144437346 69050.0 22987.0 6261.0 1351.0 298.0 48.0 5.0   
1144438985 80528.0 15735.0 3055.0 548.0 112.0 21.0 1.0   
1144440623 81194.0 15439.0 2800.0 437.0 100.0 26.0 4.0   
1144442261 81404.0 15201.0 2816.0 477.0 97.0 5.0    
1144443900 81233.0 15221.0 2901.0 516.0 116.0 13.0    
1144445538 81183.0 15377.0 2841.0 496.0 89.0 14.0    
1144447177 81391.0 15155.0 2818.0 525.0 98.0 12.0 1.0   
1144448815 80741.0 15752.0 2864.0 519.0 107.0 15.0 2.0   
1144450453 81034.0 15605.0 2806.0 463.0 83.0 8.0 1.0   
1144452092 81444.0 15133.0 2756.0 501.0 144.0 20.0 2.0   
1144453730 80978.0 15436.0 2914.0 531.0 122.0 19.0    
1144455369 80798.0 15583.0 2993.0 517.0 85.0 24.0    
1144457007 80867.0 15478.0 3056.0 496.0 83.0 18.0 2.0   
1144458645          
1144459845 81012.0 15541.0 2833.0 527.0 77.0 8.0 1.0 1.0  
1144461484 81060.0 15289.0 2949.0 556.0 126.0 16.0 3.0 1.0  
1144463122 80966.0 15518.0 2803.0 592.0 90.0 18.0 10.0 1.0 1.0 1.0
1144464761 75860.0 18718.0 4239.0 932.0 215.0 31.0 5.0   
1144466399 80264.0 15901.0 3039.0 633.0 136.0 25.0 2.0   
1144468037 81110.0 15461.0 2821.0 490.0 101.0 17.0    
1144469676 81383.0 15304.0 2783.0 455.0 65.0 10.0    
1144471314 78939.0 16983.0 3353.0 574.0 128.0 16.0 7.0   
1144472953 81148.0 15396.0 2896.0 464.0 82.0 14.0    
1144474591 81098.0 15244.0 2970.0 579.0 100.0 9.0    
1144476229 80618.0 15771.0 3002.0 492.0 106.0 9.0 1.0 1.0  
1144477868 81206.0 15336.0 2808.0 541.0 88.0 18.0 3.0   
1144479506 80548.0 15922.0 2845.0 546.0 121.0 18.0    
1144481145 80965.0 15485.0 2961.0 504.0 81.0 4.0    
1144482783 81071.0 15508.0 2846.0 478.0 85.0 11.0 1.0   
1144484421 79945.0 16322.0 3061.0 572.0 92.0 7.0 1.0   
1144486060 81278.0 15286.0 2823.0 521.0 81.0 11.0    
1144487698 80891.0 15475.0 2978.0 552.0 82.0 20.0 0.0 2.0  
1144489337 81088.0 15453.0 2847.0 520.0 83.0 7.0 2.0   
1144490975 81329.0 15367.0 2727.0 485.0 75.0 14.0 3.0   
1144492613 81058.0 15428.0 2864.0 523.0 106.0 13.0 8.0   
1144494252 81151.0 15340.0 2894.0 515.0 83.0 13.0 3.0 0.0 1.0 
1144495890 81210.0 15483.0 2711.0 476.0 100.0 19.0 1.0   
1144497529 80960.0 15600.0 2900.0 448.0 85.0 7.0    
1144499167 80607.0 15811.0 2987.0 507.0 76.0 12.0    
1144500805 80859.0 15646.0 2887.0 516.0 84.0 7.0 1.0   
1144502444 80971.0 15446.0 2920.0 563.0 83.0 17.0    
1144504082 80876.0 15636.0 2838.0 502.0 126.0 14.0 8.0   
1144505721 81373.0 15139.0 2860.0 515.0 92.0 20.0 1.0   
1144507359 71974.0 21053.0 5356.0 1229.0 323.0 63.0 2.0   
1144508997 80721.0 15712.0 3000.0 485.0 76.0 6.0    
1144510636 80719.0 15647.0 2914.0 569.0 137.0 14.0    
1144512274 80846.0 15726.0 2877.0 466.0 79.0 6.0    
1144513913 80922.0 15839.0 2669.0 454.0 95.0 18.0 3.0   
1144515551 80627.0 15873.0 2951.0 467.0 79.0 3.0    
1144517189 81044.0 15501.0 2825.0 520.0 88.0 19.0 3.0   
1144518828 81172.0 15286.0 2882.0 561.0 76.0 20.0 3.0   
1144520466 80459.0 15851.0 2965.0 568.0 123.0 26.0 7.0 1.0  
1144522105 80917.0 15496.0 2929.0 551.0 99.0 6.0 1.0 1.0  
1144523743 80958.0 15582.0 2813.0 564.0 76.0 7.0    
1144525381 81144.0 15338.0 2888.0 550.0 74.0 5.0 1.0   
1144527020 80124.0 15990.0 3162.0 606.0 100.0 15.0 3.0   
1144528658 81092.0 15447.0 2862.0 513.0 78.0 8.0    
1144530297 81146.0 15310.0 2852.0 542.0 110.0 39.0 1.0   
1144531935 81347.0 15287.0 2744.0 524.0 86.0 12.0    
1144533573 80200.0 15864.0 3170.0 636.0 116.0 13.0 1.0   
1144535212 55288.0 31439.0 9914.0 2488.0 714.0 130.0 24.0 3.0  
1144536850 80788.0 15559.0 3003.0 527.0 97.0 26.0    
1144538489 80699.0 15803.0 2956.0 442.0 97.0 3.0    
1144540127 80831.0 15597.0 2889.0 531.0 126.0 25.0 1.0   
1144541765 81004.0 15525.0 2886.0 497.0 76.0 10.0 2.0   
1144543404 80170.0 16078.0 3055.0 604.0 75.0 13.0 4.0 1.0  
1144545042 80852.0 15571.0 2931.0 531.0 108.0 7.0    
1144546681 81405.0 15243.0 2780.0 474.0 85.0 12.0 1.0   
1144548319 81225.0 15489.0 2717.0 483.0 82.0 4.0    
1144549957 80692.0 15626.0 3057.0 530.0 89.0 6.0    
1144551596 81000.0 15685.0 2709.0 493.0 93.0 20.0    
1144553234 81549.0 15068.0 2768.0 509.0 86.0 20.0    
1144554873 80802.0 15463.0 3015.0 569.0 127.0 20.0 4.0   
1144556511 81081.0 15287.0 2997.0 511.0 103.0 17.0 4.0   
1144558149          
1144559349 79206.0 16571.0 3531.0 589.0 99.0 4.0    
1144560988 80711.0 15704.0 2928.0 559.0 92.0 6.0    
1144562626 81208.0 15350.0 2749.0 541.0 138.0 13.0 1.0   
1144564264 81115.0 15359.0 2901.0 500.0 109.0 14.0 2.0   
1144565903 81069.0 15427.0 2863.0 511.0 111.0 18.0 1.0   
1144567541 81100.0 15511.0 2779.0 476.0 104.0 24.0 6.0   
1144569180 81200.0 15350.0 2849.0 480.0 97.0 17.0 6.0 1.0  
1144570818 80855.0 15536.0 2868.0 582.0 124.0 29.0 6.0   
1144572456 80669.0 15682.0 3000.0 515.0 110.0 22.0 2.0   
1144574095 80875.0 15344.0 3083.0 556.0 113.0 22.0 5.0 2.0  
1144575733 80293.0 15930.0 3037.0 624.0 104.0 12.0    
1144577372 75569.0 18728.0 4532.0 943.0 191.0 34.0 3.0   
1144579010 80462.0 15789.0 3037.0 596.0 103.0 12.0 0.0 1.0  
1144580648 79964.0 16196.0 3176.0 562.0 94.0 7.0 1.0   
1144582287 80799.0 15712.0 2817.0 563.0 93.0 16.0    
1144583925 81189.0 15302.0 2818.0 590.0 85.0 16.0    
1144585564 80814.0 15868.0 2724.0 499.0 82.0 10.0 3.0   
1144587202 80906.0 15657.0 2789.0 515.0 124.0 8.0 1.0   
1144588840 80099.0 16013.0 3198.0 582.0 93.0 12.0 2.0 1.0  
1144590479 80936.0 15288.0 3089.0 592.0 80.0 12.0 3.0   
1144592117 80996.0 15621.0 2802.0 507.0 71.0 1.0 0.0 2.0  
1144593756 80882.0 15599.0 2884.0 560.0 70.0 5.0    
1144595394 78630.0 16734.0 3720.0 730.0 135.0 25.0 26.0   
1144597032 81204.0 15386.0 2788.0 527.0 78.0 16.0 1.0   
1144598671 80689.0 15792.0 2862.0 493.0 150.0 14.0    
1144600309 79636.0 16376.0 3150.0 664.0 150.0 22.0 2.0   
1144601948 80739.0 15772.0 2887.0 494.0 86.0 15.0 7.0   
1144603586 80948.0 15615.0 2881.0 481.0 71.0 4.0    
1144605224 81214.0 15405.0 2776.0 514.0 85.0 5.0 1.0   
1144606863 80540.0 15804.0 3046.0 482.0 118.0 7.0 3.0   
1144608501 81126.0 15369.0 2882.0 491.0 96.0 34.0 2.0   
1144610140 81343.0 15325.0 2714.0 509.0 87.0 17.0 3.0 2.0  
1144611778 81346.0 15173.0 2848.0 527.0 100.0 6.0    
1144613416 81230.0 15441.0 2735.0 503.0 81.0 10.0    
1144615055 81087.0 15468.0 2809.0 521.0 104.0 11.0    
1144616693 80551.0 15792.0 2974.0 582.0 83.0 17.0 1.0   
1144618332 81085.0 15330.0 2925.0 530.0 113.0 16.0 1.0   
1144619970 80939.0 15595.0 2829.0 542.0 72.0 22.0 1.0   
1144621608 81099.0 15506.0 2832.0 462.0 91.0 9.0 1.0   
1144623247 81212.0 15404.0 2796.0 499.0 82.0 5.0 1.0 1.0  
1144624885 81595.0 15075.0 2710.0 514.0 95.0 10.0 1.0   
1144626524 80740.0 15553.0 3039.0 511.0 126.0 26.0 5.0   
1144628162 81443.0 15138.0 2765.0 492.0 127.0 26.0 7.0 2.0  
1144629800 80789.0 15669.0 2835.0 573.0 106.0 19.0 4.0 5.0  
1144631439 80646.0 15782.0 2894.0 517.0 135.0 26.0    
1144633077 81134.0 15453.0 2828.0 494.0 78.0 11.0 2.0   
1144634716 81045.0 15208.0 2992.0 610.0 131.0 11.0 3.0   
1144636354 80383.0 16028.0 2909.0 542.0 110.0 21.0 7.0   
1144637992 80933.0 15594.0 2847.0 538.0 79.0 9.0    
1144639631 81002.0 15676.0 2786.0 454.0 71.0 10.0 1.0   
1144641269 81300.0 15378.0 2736.0 482.0 90.0 14.0    
1144642908 81259.0 15229.0 2823.0 530.0 130.0 17.0 10.0 2.0  
1144644546 81198.0 15297.0 2806.0 584.0 99.0 16.0    
1144646184 81030.0 15514.0 2837.0 514.0 86.0 19.0    
1144647823 80700.0 15623.0 2937.0 601.0 117.0 21.0 1.0   
1144649461 81134.0 15410.0 2649.0 623.0 154.0 29.0 1.0   
1144651100 80919.0 15408.0 2924.0 587.0 137.0 17.0 4.0 4.0  
1144652738 81180.0 15389.0 2810.0 508.0 101.0 11.0 1.0   
1144654376 81006.0 15339.0 2979.0 565.0 103.0 7.0 1.0   
1144656015 78639.0 17135.0 3457.0 671.0 93.0 4.0 1.0   
