 0 1 2 3 4 5 6 7 8 9
1143763317 78015.0 17423.0 3515.0 786.0 209.0 45.0 6.0 1.0  
1143764956 77583.0 17830.0 3562.0 775.0 201.0 34.0 15.0   
1143766594 77419.0 17615.0 3872.0 864.0 203.0 25.0 2.0   
1143768233 77938.0 17485.0 3567.0 794.0 174.0 36.0 6.0   
1143769871 77954.0 17464.0 3665.0 749.0 138.0 26.0 4.0   
1143771509 77953.0 17386.0 3633.0 846.0 153.0 27.0 2.0   
1143773148 77606.0 17527.0 3899.0 752.0 181.0 28.0 6.0 1.0  
1143774786 78082.0 17325.0 3571.0 792.0 196.0 28.0 5.0 1.0  
1143776425 78172.0 17111.0 3672.0 825.0 170.0 44.0 6.0   
1143778063 77926.0 17406.0 3634.0 804.0 176.0 47.0 7.0   
1143779701 77346.0 17726.0 3841.0 823.0 203.0 52.0 9.0   
1143781340 77671.0 17741.0 3561.0 761.0 227.0 33.0 6.0   
1143782978 77949.0 17540.0 3597.0 713.0 156.0 41.0 4.0   
1143784617 77738.0 17601.0 3630.0 753.0 206.0 62.0 8.0 2.0  
1143786255 77304.0 17690.0 3977.0 799.0 187.0 40.0 3.0   
1143787893 78108.0 17432.0 3429.0 823.0 164.0 37.0 7.0   
1143789532 77589.0 17524.0 3789.0 896.0 168.0 27.0 7.0   
1143791170 77978.0 17464.0 3561.0 759.0 196.0 40.0 2.0   
1143792809 77460.0 17706.0 3800.0 824.0 174.0 31.0 3.0 2.0  
1143794447 77814.0 17641.0 3607.0 754.0 142.0 39.0 3.0   
1143796085 78151.0 17176.0 3646.0 820.0 159.0 43.0 5.0   
1143797724 77727.0 17399.0 3790.0 859.0 168.0 42.0 7.0 6.0 2.0 
1143799362 77723.0 17448.0 3749.0 852.0 182.0 44.0 2.0   
1143801001 77405.0 17604.0 3860.0 881.0 206.0 39.0 5.0   
1143802639 77776.0 17511.0 3783.0 748.0 150.0 26.0 3.0 2.0 1.0 
1143804277 77880.0 17441.0 3680.0 735.0 218.0 33.0 12.0 1.0  
1143805916 77169.0 17937.0 3845.0 859.0 155.0 30.0 5.0   
1143807554 77510.0 17641.0 3688.0 885.0 211.0 55.0 9.0 1.0  
1143809193 77753.0 17551.0 3708.0 758.0 178.0 29.0 9.0 4.0 4.0 6.0
1143810831 77461.0 17743.0 3743.0 796.0 212.0 37.0 8.0   
1143812469 77177.0 17928.0 3781.0 865.0 192.0 52.0 5.0   
1143814108 77763.0 17431.0 3737.0 823.0 197.0 46.0 3.0   
1143815746 77637.0 17571.0 3804.0 755.0 176.0 46.0 10.0 1.0  
1143817385 77759.0 17365.0 3875.0 814.0 162.0 20.0 5.0   
1143819023 77761.0 17548.0 3645.0 824.0 183.0 33.0 4.0 2.0  
1143820661 77989.0 17401.0 3599.0 807.0 165.0 31.0 8.0   
1143822300 77685.0 17457.0 3816.0 792.0 206.0 39.0 4.0 1.0  
1143823938 77339.0 17835.0 3710.0 869.0 202.0 36.0 9.0   
1143825577 77569.0 17697.0 3689.0 831.0 174.0 38.0 2.0   
1143827215 78005.0 17331.0 3610.0 775.0 231.0 40.0 7.0 1.0  
1143828853 78031.0 17395.0 3597.0 773.0 180.0 19.0 5.0   
1143830492 77521.0 17683.0 3748.0 787.0 210.0 33.0 17.0 1.0  
1143832130 77616.0 17646.0 3740.0 806.0 161.0 30.0 1.0   
1143833769 77628.0 17767.0 3645.0 752.0 177.0 24.0 4.0 3.0  
1143835407 78018.0 17348.0 3652.0 741.0 203.0 38.0    
1143837045 78185.0 17263.0 3519.0 776.0 215.0 31.0 11.0   
1143838684 77868.0 17534.0 3542.0 798.0 215.0 35.0 8.0   
1143840322 77842.0 17571.0 3666.0 717.0 160.0 28.0 15.0 0.0 1.0 
1143841961 77892.0 17388.0 3717.0 780.0 176.0 46.0 1.0   
1143843599 78009.0 17241.0 3689.0 852.0 178.0 30.0 1.0   
1143845237 77973.0 17185.0 3810.0 791.0 205.0 31.0 4.0 1.0  
1143846876 77749.0 17457.0 3781.0 812.0 159.0 37.0 5.0   
1143848514 77922.0 17212.0 3735.0 876.0 218.0 32.0 5.0   
1143850153 77902.0 17456.0 3639.0 803.0 163.0 35.0 1.0 1.0  
1143851791 78007.0 17206.0 3693.0 851.0 204.0 38.0 1.0   
1143853429 78115.0 17404.0 3559.0 722.0 176.0 22.0 2.0   
1143855068 77746.0 17385.0 3740.0 880.0 225.0 22.0 2.0   
1143856706 77802.0 17387.0 3788.0 818.0 171.0 32.0 2.0   
1143858345 78092.0 17330.0 3589.0 786.0 171.0 30.0 2.0   
1143859983 77742.0 17576.0 3646.0 842.0 170.0 20.0 3.0 0.0 1.0 
1143861621          
1143863259          
1143864897          
1143866535          
1143868173          
1143869811          
1143871449          
1143873087          
1143874725          
1143876363          
1143878001          
1143879639          
1143881277          
1143882915          
1143884553          
1143886191          
1143887829          
1143889467          
1143891105          
1143892743          
1143894381          
1143896019          
1143897657          
1143899295          
1143900933          
1143902571          
1143904209          
1143905847          
1143907485          
1143909123          
1143910761          
1143912399          
1143914037          
1143915675          
1143917313          
1143918951          
1143920589          
1143922227          
1143923865          
1143925503          
1143927141          
1143928779          
1143930417          
1143932055          
1143933693          
1143935331          
1143936969          
1143938607          
1143940245          
1143941883          
1143943521          
1143945159          
1143946797          
1143948435          
1143950073          
1143951711          
1143953349          
1143954987          
1143956625          
1143958263          
1143959901          
1143961539          
1143962325 77917.0 17470.0 3591.0 768.0 199.0 51.0 4.0   
1143963964 77820.0 17654.0 3451.0 837.0 197.0 32.0 8.0 1.0  
1143965602 77701.0 17507.0 3743.0 821.0 180.0 42.0 6.0   
1143967241 78023.0 17350.0 3622.0 716.0 234.0 38.0 14.0 3.0  
1143968879 77690.0 17667.0 3607.0 810.0 189.0 23.0 13.0 1.0  
1143970517 77524.0 17653.0 3741.0 809.0 226.0 32.0 15.0   
1143972156 77865.0 17439.0 3692.0 753.0 199.0 46.0 6.0   
1143973794 77959.0 17164.0 3805.0 866.0 166.0 31.0 6.0 2.0 1.0 
1143975433 77753.0 17396.0 3859.0 782.0 144.0 50.0 15.0 1.0  
1143977071 77451.0 17679.0 3816.0 816.0 191.0 39.0 8.0   
1143978709 76880.0 17882.0 4010.0 911.0 235.0 65.0 14.0 3.0  
1143980348 77971.0 17368.0 3693.0 758.0 156.0 43.0 11.0   
1143981986 77668.0 17569.0 3673.0 833.0 210.0 30.0 15.0 2.0  
1143983625 77321.0 17802.0 3819.0 864.0 152.0 36.0 6.0   
1143985263 76927.0 17868.0 4005.0 906.0 217.0 64.0 13.0   
1143986901 77674.0 17638.0 3738.0 742.0 155.0 47.0 5.0 1.0  
1143988540 77942.0 17334.0 3666.0 848.0 166.0 38.0 5.0 1.0  
1143990178 77583.0 17741.0 3670.0 779.0 181.0 42.0 4.0   
1143991817 77950.0 17440.0 3587.0 801.0 174.0 39.0 6.0 3.0  
1143993455 77647.0 17707.0 3670.0 727.0 207.0 39.0 3.0   
1143995093 77595.0 17641.0 3733.0 793.0 197.0 32.0 8.0 0.0 1.0 
1143996732 77912.0 17363.0 3748.0 779.0 171.0 27.0    
1143998370 77615.0 17671.0 3627.0 845.0 202.0 34.0 5.0 1.0  
1144000009 77441.0 17836.0 3731.0 765.0 175.0 49.0 1.0 1.0 1.0 
1144001647 77424.0 18119.0 3504.0 713.0 180.0 50.0 10.0   
1144003285 77719.0 17635.0 3661.0 811.0 136.0 37.0 1.0   
1144004924 77815.0 17474.0 3681.0 787.0 182.0 46.0 9.0 6.0  
1144006562 77660.0 17610.0 3671.0 845.0 177.0 34.0 3.0   
1144008201 77505.0 17644.0 3862.0 779.0 185.0 23.0 2.0   
1144009839 77690.0 17662.0 3661.0 739.0 223.0 24.0 1.0   
1144011477 78042.0 17371.0 3676.0 737.0 140.0 31.0 3.0   
1144013116 77870.0 17523.0 3658.0 714.0 158.0 59.0 14.0 4.0  
1144014754 77550.0 17532.0 3884.0 786.0 217.0 30.0 1.0   
1144016393 78102.0 17326.0 3687.0 703.0 135.0 31.0 13.0 1.0 2.0 
1144018031 77979.0 17475.0 3596.0 745.0 176.0 29.0    
1144019669 77594.0 17670.0 3710.0 786.0 182.0 42.0 6.0 8.0 2.0 
1144021308 77825.0 17492.0 3611.0 837.0 189.0 44.0 2.0   
1144022946 77415.0 17870.0 3751.0 765.0 175.0 24.0    
1144024585 77662.0 17639.0 3694.0 753.0 219.0 29.0 4.0   
1144026223 77794.0 17744.0 3438.0 801.0 182.0 38.0 3.0   
1144027861 77948.0 17375.0 3654.0 785.0 197.0 40.0 1.0   
1144029500 77614.0 17529.0 3684.0 827.0 259.0 69.0 18.0   
1144031138 78010.0 17420.0 3513.0 798.0 199.0 48.0 12.0   
1144032777 77606.0 17639.0 3673.0 874.0 162.0 38.0 8.0   
1144034415 77765.0 17382.0 3817.0 839.0 169.0 26.0 2.0   
1144036053 77939.0 17518.0 3625.0 737.0 149.0 27.0 2.0 3.0  
1144037692 77685.0 17524.0 3832.0 785.0 156.0 17.0 1.0   
1144039330 77827.0 17393.0 3718.0 794.0 209.0 54.0 5.0   
1144040969 20296.0 49861.0 20725.0 6452.0 1978.0 534.0 116.0 33.0 5.0 
1144042607 77421.0 17732.0 3876.0 784.0 156.0 23.0 5.0 3.0  
1144044245 77778.0 17414.0 3773.0 789.0 205.0 39.0 2.0   
1144045884 73172.0 20059.0 5136.0 1210.0 318.0 86.0 17.0 2.0  
1144047522 77596.0 17534.0 3840.0 801.0 192.0 36.0 1.0   
1144049161 77875.0 17478.0 3662.0 761.0 172.0 36.0 16.0   
1144050799 77994.0 17367.0 3557.0 830.0 217.0 27.0 8.0   
1144052437 77967.0 17476.0 3613.0 729.0 173.0 38.0 4.0   
1144054076 77907.0 17579.0 3589.0 711.0 178.0 34.0 2.0   
1144055714 69726.0 22071.0 6014.0 1608.0 419.0 125.0 28.0 7.0 1.0 1.0
1144057353 77664.0 17661.0 3712.0 751.0 180.0 26.0 5.0 1.0  
1144058991 77890.0 17379.0 3749.0 767.0 180.0 31.0 4.0   
1144060629          
1144061829 77466.0 17818.0 3695.0 762.0 182.0 64.0 9.0 1.0 3.0 
1144063468 77498.0 17798.0 3762.0 736.0 158.0 40.0 8.0   
1144065106 77645.0 17577.0 3805.0 783.0 149.0 41.0    
1144066744 77826.0 17523.0 3647.0 785.0 160.0 53.0 6.0   
1144068383 77031.0 18097.0 3844.0 824.0 166.0 31.0 7.0   
1144070021 77538.0 17831.0 3632.0 773.0 169.0 45.0 12.0   
1144071660 78267.0 17127.0 3592.0 808.0 166.0 35.0 5.0   
1144073298 77807.0 17418.0 3742.0 821.0 175.0 32.0 4.0 1.0  
1144074936 77838.0 17302.0 3711.0 866.0 222.0 46.0 14.0 1.0  
1144076575 78095.0 17303.0 3580.0 760.0 210.0 41.0 11.0   
1144078213 77948.0 17467.0 3592.0 772.0 176.0 42.0 3.0   
1144079852 78298.0 17372.0 3397.0 724.0 183.0 21.0 5.0   
1144081490 77876.0 17519.0 3673.0 734.0 155.0 40.0 3.0   
1144083128 77601.0 17542.0 3824.0 833.0 160.0 38.0 2.0   
1144084767 77931.0 17472.0 3655.0 766.0 149.0 22.0 5.0   
1144086405 78093.0 17308.0 3706.0 700.0 159.0 27.0 5.0 2.0  
1144088044 78145.0 17473.0 3478.0 727.0 149.0 27.0 1.0   
1144089682 78156.0 17104.0 3734.0 775.0 180.0 49.0 2.0   
1144091320 77681.0 17627.0 3751.0 733.0 167.0 35.0 5.0 1.0  
1144092959 78141.0 17304.0 3572.0 766.0 155.0 48.0 13.0 1.0  
1144094597 77737.0 17563.0 3715.0 762.0 164.0 52.0 7.0   
1144096236 77647.0 17591.0 3726.0 816.0 190.0 28.0 2.0   
1144097874 78123.0 17303.0 3572.0 782.0 177.0 42.0 1.0   
1144099512 77574.0 17647.0 3813.0 776.0 152.0 34.0 4.0   
1144101151 76992.0 17756.0 4036.0 900.0 219.0 76.0 20.0 1.0  
1144102789 78100.0 17208.0 3756.0 733.0 178.0 21.0 4.0   
1144104428 77655.0 17516.0 3833.0 785.0 168.0 36.0 7.0   
1144106066 77441.0 17638.0 3835.0 813.0 235.0 28.0 10.0   
1144107704 77439.0 17536.0 3959.0 864.0 182.0 17.0 3.0   
1144109343 77580.0 17691.0 3724.0 751.0 204.0 45.0 5.0   
1144110981 77903.0 17344.0 3615.0 824.0 236.0 57.0 18.0 3.0  
1144112620 77970.0 17353.0 3620.0 806.0 208.0 32.0 9.0 2.0  
1144114258 78036.0 17353.0 3637.0 776.0 169.0 27.0 2.0   
1144115896 77992.0 17302.0 3660.0 795.0 206.0 42.0 3.0   
1144117535 77691.0 17738.0 3655.0 720.0 163.0 31.0 1.0 0.0 0.0 1.0
1144119173 77677.0 17741.0 3634.0 755.0 162.0 29.0 2.0   
1144120812 77349.0 17687.0 3819.0 864.0 209.0 58.0 14.0   
1144122450 77678.0 17614.0 3724.0 759.0 183.0 35.0 7.0   
1144124088 77664.0 17470.0 3883.0 761.0 165.0 48.0 9.0   
1144125727 77911.0 17405.0 3724.0 778.0 138.0 39.0 5.0   
1144127365 77840.0 17398.0 3769.0 802.0 143.0 35.0 9.0 1.0 2.0 1.0
1144129004 78173.0 17207.0 3650.0 762.0 167.0 36.0 4.0 1.0  
1144130642 77602.0 17708.0 3690.0 806.0 155.0 32.0 6.0 1.0  
1144132280 77458.0 17514.0 3898.0 895.0 187.0 34.0 13.0 1.0  
1144133919 77653.0 17491.0 3805.0 836.0 179.0 32.0 3.0 0.0 1.0 
1144135557 78280.0 17004.0 3641.0 846.0 183.0 40.0 5.0 1.0  
1144137196 77540.0 17649.0 3799.0 788.0 193.0 28.0 3.0   
1144138834 76644.0 18154.0 4056.0 895.0 204.0 34.0 11.0 2.0  
1144140472 78371.0 17223.0 3429.0 743.0 190.0 34.0 10.0   
1144142111 77747.0 17515.0 3644.0 831.0 211.0 51.0 1.0   
1144143749 77918.0 17510.0 3597.0 775.0 167.0 27.0 5.0 1.0  
1144145388 78335.0 17109.0 3494.0 838.0 193.0 31.0    
1144147026 77892.0 17613.0 3602.0 715.0 147.0 29.0 2.0   
1144148664 77723.0 17449.0 3728.0 842.0 224.0 28.0 6.0   
1144150303 77908.0 17410.0 3657.0 792.0 182.0 33.0 18.0   
1144151941 77923.0 17550.0 3576.0 774.0 139.0 33.0 5.0   
1144153580 77707.0 17580.0 3718.0 749.0 184.0 43.0 18.0 1.0  
1144155218 77934.0 17332.0 3664.0 826.0 206.0 32.0 5.0 1.0  
1144156856 77666.0 17546.0 3698.0 876.0 168.0 42.0 3.0 1.0  
1144158495 78109.0 17244.0 3648.0 746.0 207.0 33.0 12.0 1.0  
1144160133          
1144161333 77682.0 17607.0 3689.0 786.0 168.0 45.0 13.0 8.0 2.0 
1144162971 78081.0 17538.0 3408.0 757.0 166.0 36.0 12.0 2.0  
1144164610 77915.0 17499.0 3549.0 803.0 188.0 41.0 5.0   
1144166248 77581.0 17726.0 3585.0 834.0 220.0 52.0 2.0   
1144167887 77410.0 17614.0 3887.0 857.0 190.0 34.0 7.0 1.0  
1144169525 78292.0 17112.0 3725.0 687.0 153.0 23.0 8.0   
1144171163 78039.0 17231.0 3696.0 832.0 157.0 42.0 3.0   
1144172802 77931.0 17560.0 3528.0 785.0 158.0 33.0 5.0   
1144174440 78312.0 17264.0 3447.0 760.0 197.0 16.0 4.0   
1144176079 77821.0 17552.0 3630.0 757.0 189.0 48.0 3.0   
1144177717 77856.0 17516.0 3632.0 762.0 183.0 44.0 7.0   
1144179355 77525.0 17759.0 3635.0 849.0 189.0 39.0 4.0   
1144180994 77996.0 17320.0 3674.0 806.0 162.0 38.0 4.0   
1144182632 77642.0 17707.0 3688.0 795.0 128.0 36.0 4.0   
1144184271 78024.0 17512.0 3526.0 729.0 160.0 31.0 11.0 7.0  
1144185909 77991.0 17347.0 3671.0 755.0 183.0 41.0 10.0 2.0  
1144187547 77986.0 17599.0 3447.0 794.0 137.0 30.0 6.0 1.0  
1144189186 77510.0 17667.0 3727.0 815.0 243.0 35.0 2.0 1.0  
1144190824 77594.0 17660.0 3793.0 747.0 169.0 22.0 13.0 2.0  
1144192463 77784.0 17603.0 3689.0 730.0 169.0 19.0 6.0   
1144194101 77553.0 17748.0 3703.0 788.0 168.0 36.0 4.0   
1144195739 77584.0 17657.0 3667.0 786.0 248.0 45.0 13.0   
1144197378 77548.0 17723.0 3714.0 799.0 175.0 37.0 4.0   
1144199016 77484.0 17674.0 3830.0 811.0 159.0 38.0 4.0   
1144200655 77538.0 17656.0 3772.0 825.0 180.0 27.0 2.0   
1144202293 77812.0 17604.0 3617.0 743.0 188.0 30.0 5.0 0.0 1.0 
1144203931 77687.0 17546.0 3729.0 833.0 157.0 40.0 8.0   
1144205570 77507.0 17706.0 3698.0 853.0 194.0 36.0 6.0   
1144207208 77617.0 17621.0 3744.0 798.0 165.0 44.0 8.0 3.0  
1144208847 77663.0 17622.0 3716.0 781.0 181.0 32.0 5.0   
1144210485 77281.0 17819.0 3790.0 833.0 190.0 57.0 21.0 5.0 4.0 
1144212123 77886.0 17363.0 3641.0 845.0 204.0 55.0 6.0   
1144213762 77959.0 17334.0 3714.0 761.0 178.0 48.0 4.0 1.0 0.0 1.0
1144215400 77991.0 17404.0 3571.0 801.0 197.0 34.0 2.0   
1144217039 77770.0 17412.0 3765.0 819.0 193.0 36.0 5.0   
1144218677 77680.0 17612.0 3741.0 722.0 203.0 41.0 1.0   
1144220315 78242.0 17122.0 3643.0 756.0 166.0 46.0 12.0 9.0 4.0 
1144221954 78026.0 17353.0 3585.0 783.0 204.0 45.0 4.0   
1144223592 78107.0 17383.0 3530.0 750.0 185.0 33.0 9.0 1.0 2.0 
1144225231 77571.0 17535.0 3868.0 758.0 199.0 53.0 13.0 3.0  
1144226869 77782.0 17516.0 3740.0 708.0 204.0 45.0 4.0 0.0 1.0 
1144228507 78178.0 17336.0 3557.0 736.0 154.0 34.0 5.0   
1144230146 77948.0 17328.0 3783.0 766.0 130.0 41.0 4.0   
1144231784 78057.0 17219.0 3715.0 774.0 186.0 38.0 11.0   
1144233423 77566.0 17614.0 3769.0 818.0 206.0 24.0 3.0   
1144235061 77715.0 17469.0 3760.0 862.0 165.0 28.0 1.0   
1144236699 77960.0 17368.0 3656.0 787.0 180.0 35.0 14.0   
1144238338 77795.0 17574.0 3545.0 836.0 223.0 23.0 4.0   
1144239976 77793.0 17425.0 3710.0 853.0 184.0 31.0 4.0   
1144241615 77639.0 17496.0 3777.0 823.0 210.0 43.0 9.0 3.0  
1144243253 77837.0 17468.0 3765.0 747.0 156.0 24.0 3.0   
1144244891 78041.0 17234.0 3654.0 823.0 192.0 49.0 2.0 5.0  
1144246530 77769.0 17577.0 3621.0 796.0 211.0 22.0 4.0   
1144248168 77692.0 17488.0 3762.0 829.0 203.0 20.0 5.0 1.0  
1144249807 77701.0 17637.0 3672.0 784.0 185.0 15.0 6.0   
1144251445 77328.0 17815.0 3815.0 815.0 182.0 39.0 6.0   
1144253083 77735.0 17434.0 3775.0 863.0 168.0 17.0 8.0   
1144254722 77673.0 17680.0 3711.0 763.0 145.0 25.0 3.0   
1144256360 77427.0 17724.0 3784.0 818.0 198.0 41.0 8.0   
1144257999 76749.0 18235.0 3840.0 853.0 242.0 72.0 9.0   
1144259637          
1144260837 77781.0 17595.0 3552.0 842.0 168.0 57.0 5.0   
1144262475 78004.0 17473.0 3576.0 766.0 155.0 24.0 2.0   
1144264114 77839.0 17503.0 3584.0 870.0 166.0 37.0 1.0   
1144265752 78145.0 17182.0 3619.0 850.0 168.0 34.0 2.0   
1144267390 77600.0 17463.0 3834.0 786.0 257.0 54.0 5.0 0.0 1.0 
1144269029 78362.0 16753.0 3760.0 884.0 180.0 49.0 11.0 1.0  
1144270667 78006.0 17306.0 3600.0 848.0 200.0 31.0 8.0 1.0  
1144272306 77760.0 17526.0 3732.0 745.0 195.0 33.0 9.0   
1144273944 78065.0 17316.0 3576.0 804.0 174.0 48.0 17.0   
1144275582 77322.0 17858.0 3836.0 751.0 192.0 37.0 4.0   
1144277221 77556.0 17710.0 3735.0 766.0 183.0 39.0 11.0   
1144278859 77911.0 17558.0 3571.0 738.0 170.0 39.0 12.0 0.0 0.0 1.0
1144280498 77308.0 17947.0 3780.0 773.0 149.0 41.0 2.0   
1144282136 77836.0 17568.0 3604.0 797.0 148.0 47.0    
1144283774 78308.0 17139.0 3630.0 687.0 162.0 56.0 15.0 1.0 2.0 
1144285413 77785.0 17421.0 3785.0 812.0 165.0 27.0 4.0 1.0  
1144287051 77910.0 17508.0 3652.0 739.0 161.0 25.0 5.0   
1144288690 77606.0 17639.0 3771.0 775.0 179.0 27.0 3.0   
1144290328 77361.0 17901.0 3683.0 809.0 211.0 33.0 2.0   
1144291966 77483.0 17844.0 3705.0 735.0 203.0 30.0    
1144293605 77689.0 17601.0 3664.0 836.0 186.0 24.0    
1144295243 77737.0 17475.0 3625.0 863.0 223.0 57.0 20.0   
1144296882 77909.0 17419.0 3730.0 752.0 143.0 35.0 11.0 1.0  
1144298520 77900.0 17343.0 3714.0 783.0 210.0 42.0 8.0   
1144300158 77940.0 17376.0 3725.0 753.0 183.0 18.0 3.0 2.0  
1144301797 77489.0 17850.0 3623.0 834.0 186.0 17.0 1.0   
1144303435 77656.0 17498.0 3779.0 877.0 157.0 30.0 3.0   
1144305074 77684.0 17663.0 3622.0 810.0 181.0 36.0 3.0 1.0  
1144306712 77721.0 17626.0 3654.0 782.0 179.0 31.0 7.0   
1144308350 77656.0 17757.0 3613.0 780.0 144.0 39.0 11.0   
1144309989 77881.0 17474.0 3593.0 774.0 221.0 50.0 7.0   
1144311627 78293.0 17107.0 3647.0 739.0 173.0 27.0 11.0 3.0  
1144313266 78161.0 17365.0 3545.0 726.0 154.0 40.0 7.0 2.0  
1144314904 77617.0 17535.0 3745.0 826.0 223.0 40.0 14.0   
1144316542 77801.0 17368.0 3688.0 864.0 219.0 49.0 10.0 1.0  
1144318181 77757.0 17682.0 3572.0 753.0 201.0 34.0 1.0   
1144319819 77499.0 17636.0 3798.0 801.0 204.0 57.0 4.0 1.0  
1144321458 77754.0 17583.0 3594.0 827.0 175.0 52.0 10.0 4.0 1.0 
1144323096 77802.0 17506.0 3623.0 871.0 155.0 40.0 2.0 1.0  
1144324734 77825.0 17437.0 3685.0 823.0 190.0 34.0 6.0   
1144326373 77550.0 17712.0 3678.0 823.0 189.0 42.0 4.0 2.0  
1144328011 77914.0 17154.0 3859.0 789.0 206.0 51.0 22.0 5.0  
1144329650 77473.0 17738.0 3675.0 863.0 205.0 46.0    
1144331288 77437.0 17802.0 3776.0 784.0 164.0 31.0 6.0   
1144332926 77575.0 17739.0 3659.0 809.0 183.0 33.0 2.0   
1144334565 77416.0 17978.0 3734.0 662.0 182.0 23.0 4.0 0.0 1.0 
1144336203 78045.0 17360.0 3575.0 830.0 159.0 28.0 3.0   
1144337842 78047.0 17295.0 3635.0 811.0 177.0 29.0 6.0   
1144339480 77796.0 17601.0 3702.0 703.0 158.0 27.0 11.0 2.0  
1144341118 77795.0 17447.0 3775.0 741.0 177.0 47.0 15.0 2.0 1.0 
1144342757 77698.0 17588.0 3655.0 812.0 196.0 44.0 7.0   
1144344395 78133.0 17170.0 3689.0 813.0 169.0 21.0 5.0   
1144346034 77920.0 17475.0 3632.0 772.0 178.0 20.0 3.0   
1144347672 77575.0 17481.0 3895.0 853.0 167.0 22.0 7.0   
1144349310 77596.0 17706.0 3694.0 765.0 196.0 36.0 7.0   
1144350949 77909.0 17504.0 3588.0 768.0 188.0 35.0 8.0   
1144352587 77936.0 17563.0 3518.0 749.0 189.0 37.0 8.0   
1144354226 77628.0 17560.0 3777.0 783.0 215.0 33.0 4.0   
1144355864 77711.0 17502.0 3813.0 784.0 168.0 19.0 2.0 1.0  
1144357502 78088.0 17290.0 3674.0 732.0 191.0 21.0 4.0   
1144359140          
1144360341 77784.0 17436.0 3762.0 798.0 183.0 33.0 4.0   
1144361980 77921.0 17549.0 3579.0 781.0 154.0 14.0 2.0   
1144363618 77662.0 17517.0 3790.0 794.0 198.0 34.0 5.0   
1144365257 77924.0 17548.0 3603.0 734.0 150.0 35.0 6.0   
1144366895 77507.0 17859.0 3749.0 701.0 169.0 12.0 3.0   
1144368533 22372.0 48948.0 20003.0 6352.0 1784.0 435.0 94.0 11.0 1.0 
1144370172 77916.0 17479.0 3589.0 764.0 205.0 41.0 6.0   
1144371810 76990.0 17933.0 4048.0 835.0 167.0 24.0 3.0   
1144373449 78169.0 17408.0 3508.0 696.0 167.0 33.0 13.0 6.0  
1144375087 77671.0 17583.0 3796.0 762.0 148.0 33.0 7.0   
1144376725 77478.0 17724.0 3765.0 829.0 168.0 31.0 5.0   
1144378364 77541.0 17758.0 3706.0 761.0 186.0 44.0 4.0   
1144380002 77791.0 17445.0 3680.0 832.0 214.0 32.0 6.0   
1144381641 77807.0 17510.0 3643.0 774.0 215.0 42.0 9.0   
1144383279 77930.0 17466.0 3622.0 769.0 174.0 38.0 0.0 1.0  
1144384917 77465.0 17696.0 3743.0 823.0 206.0 54.0 13.0   
1144386556 77797.0 17448.0 3734.0 823.0 160.0 34.0 4.0   
1144388194 78056.0 17523.0 3422.0 778.0 195.0 20.0 6.0   
1144389833 77905.0 17542.0 3580.0 783.0 156.0 28.0 0.0 3.0 3.0 
1144391471 77681.0 17595.0 3811.0 746.0 147.0 17.0 3.0   
1144393109 78000.0 17346.0 3674.0 768.0 166.0 38.0 8.0   
1144394748 77830.0 17465.0 3749.0 749.0 163.0 38.0 5.0 1.0  
1144396386 77943.0 17356.0 3639.0 819.0 194.0 45.0 4.0   
1144398025 77726.0 17704.0 3553.0 779.0 175.0 57.0 5.0 1.0  
1144399663 78036.0 17426.0 3614.0 764.0 133.0 25.0 2.0   
1144401301 77176.0 17837.0 3953.0 839.0 153.0 40.0 2.0   
1144402940 77639.0 17684.0 3675.0 809.0 151.0 40.0 2.0   
1144404578 77393.0 17411.0 3982.0 927.0 202.0 53.0 17.0 10.0 5.0 
1144406217 77604.0 17741.0 3671.0 759.0 178.0 45.0 2.0   
1144407855 77782.0 17538.0 3736.0 731.0 174.0 28.0 9.0 1.0 1.0 
1144409493 77812.0 17372.0 3837.0 752.0 182.0 43.0 2.0   
1144411132 77780.0 17579.0 3665.0 778.0 156.0 39.0 3.0   
1144412770 77062.0 18173.0 3676.0 845.0 213.0 28.0 3.0   
1144414409 77743.0 17526.0 3752.0 772.0 163.0 36.0 4.0 4.0  
1144416047 77815.0 17436.0 3729.0 781.0 164.0 56.0 14.0 5.0  
1144417685 70320.0 21576.0 6133.0 1498.0 334.0 101.0 30.0 8.0  
1144419324 78078.0 17466.0 3509.0 758.0 151.0 28.0 10.0   
1144420962 78019.0 17420.0 3487.0 803.0 191.0 65.0 15.0   
1144422601 77598.0 17867.0 3617.0 712.0 171.0 33.0 2.0   
1144424239 77601.0 17668.0 3729.0 793.0 153.0 45.0 10.0 1.0  
1144425877 77431.0 17776.0 3748.0 807.0 199.0 36.0 3.0   
1144427516 77839.0 17518.0 3594.0 791.0 204.0 44.0 8.0 2.0  
1144429154 78154.0 17298.0 3504.0 792.0 199.0 44.0 8.0 1.0  
1144430793 78203.0 17286.0 3553.0 749.0 149.0 39.0 21.0   
1144432431 77787.0 17536.0 3733.0 742.0 175.0 23.0 1.0 3.0  
1144434069 78014.0 17285.0 3692.0 785.0 179.0 44.0 1.0   
1144435708 77814.0 17388.0 3759.0 830.0 181.0 18.0 10.0   
1144437346 76929.0 17898.0 4021.0 916.0 181.0 47.0 6.0 2.0  
1144438985 77759.0 17573.0 3661.0 800.0 170.0 29.0 6.0 2.0  
1144440623 77677.0 17567.0 3703.0 801.0 191.0 34.0 26.0 1.0  
1144442261 77955.0 17380.0 3630.0 798.0 183.0 44.0 10.0   
1144443900 77892.0 17357.0 3689.0 824.0 194.0 44.0    
1144445538 76487.0 18075.0 4192.0 984.0 221.0 32.0 9.0   
1144447177 78015.0 17365.0 3605.0 789.0 164.0 40.0 15.0 7.0  
1144448815 78004.0 17341.0 3629.0 793.0 188.0 34.0 6.0 4.0 1.0 
1144450453 78000.0 17450.0 3595.0 745.0 163.0 38.0 9.0   
1144452092 78334.0 17047.0 3557.0 822.0 166.0 55.0 18.0 1.0  
1144453730 77374.0 17860.0 3700.0 808.0 220.0 34.0 4.0   
1144455369 77791.0 17573.0 3655.0 765.0 174.0 33.0 9.0   
1144457007 77471.0 17609.0 3849.0 842.0 184.0 34.0 11.0   
1144458645          
1144459845 77750.0 17603.0 3678.0 751.0 169.0 43.0 6.0   
1144461484 77978.0 17352.0 3635.0 821.0 179.0 35.0    
1144463122 77980.0 17498.0 3577.0 715.0 185.0 39.0 6.0   
1144464761 78015.0 17552.0 3452.0 724.0 220.0 33.0 4.0   
1144466399 78057.0 17335.0 3562.0 830.0 191.0 20.0 4.0 1.0  
1144468037 77776.0 17515.0 3648.0 833.0 182.0 44.0 2.0   
1144469676 77601.0 17452.0 3835.0 845.0 222.0 36.0 9.0   
1144471314 78042.0 17298.0 3697.0 768.0 164.0 26.0 5.0   
1144472953 77733.0 17589.0 3705.0 780.0 162.0 23.0 5.0 3.0  
1144474591 77553.0 17585.0 3793.0 785.0 220.0 53.0 9.0 2.0  
1144476229 77812.0 17615.0 3568.0 755.0 184.0 52.0 13.0 1.0  
1144477868 77869.0 17446.0 3654.0 793.0 192.0 31.0 12.0 3.0  
1144479506 77975.0 17425.0 3610.0 797.0 153.0 38.0 2.0   
1144481145 77899.0 17555.0 3587.0 805.0 124.0 27.0 3.0   
1144482783 77460.0 17773.0 3715.0 822.0 178.0 51.0 1.0   
1144484421 77675.0 17483.0 3757.0 805.0 217.0 59.0 3.0 1.0  
1144486060 77747.0 17524.0 3704.0 794.0 189.0 35.0 7.0   
1144487698 78001.0 17314.0 3720.0 752.0 157.0 45.0 10.0 1.0  
1144489337 77770.0 17481.0 3769.0 793.0 133.0 50.0 4.0   
1144490975 77925.0 17389.0 3677.0 796.0 165.0 45.0 2.0 1.0  
1144492613 78093.0 17438.0 3586.0 683.0 162.0 33.0 2.0 2.0 1.0 
1144494252 77658.0 17692.0 3681.0 780.0 170.0 19.0    
1144495890 77756.0 17286.0 3922.0 815.0 187.0 30.0 3.0 0.0 1.0 
1144497529 77702.0 17764.0 3549.0 780.0 162.0 40.0 3.0   
1144499167 78051.0 17360.0 3536.0 798.0 193.0 57.0 5.0   
1144500805 77964.0 17373.0 3643.0 806.0 189.0 22.0 3.0   
1144502444 77725.0 17447.0 3753.0 820.0 212.0 36.0 7.0   
1144504082 77824.0 17445.0 3705.0 780.0 191.0 48.0 7.0   
1144505721 77913.0 17351.0 3682.0 843.0 169.0 41.0 1.0   
1144507359 77826.0 17427.0 3744.0 790.0 168.0 37.0 8.0   
1144508997 77912.0 17552.0 3561.0 778.0 165.0 31.0 1.0   
1144510636 77828.0 17327.0 3811.0 778.0 214.0 38.0 4.0   
1144512274 77706.0 17673.0 3604.0 780.0 181.0 52.0 4.0   
1144513913 77494.0 17691.0 3765.0 823.0 180.0 44.0 3.0   
1144515551 77520.0 17727.0 3788.0 755.0 161.0 37.0 7.0 5.0  
1144517189 77900.0 17438.0 3665.0 787.0 156.0 41.0 11.0 2.0  
1144518828 77750.0 17445.0 3761.0 788.0 191.0 55.0 10.0   
1144520466 77924.0 17483.0 3635.0 782.0 152.0 22.0 2.0   
1144522105 77906.0 17399.0 3605.0 824.0 225.0 37.0 4.0   
1144523743 77885.0 17351.0 3740.0 806.0 166.0 46.0 6.0   
1144525381 77682.0 17622.0 3687.0 814.0 160.0 29.0 6.0   
1144527020 77890.0 17466.0 3723.0 733.0 147.0 37.0 3.0 1.0  
1144528658 77409.0 17730.0 3787.0 863.0 183.0 25.0 3.0   
1144530297 77882.0 17448.0 3653.0 800.0 174.0 32.0 11.0   
1144531935 77952.0 17371.0 3722.0 716.0 200.0 33.0 6.0   
1144533573 77637.0 17606.0 3734.0 806.0 167.0 45.0 5.0   
1144535212 76730.0 18066.0 4110.0 857.0 204.0 24.0 7.0 2.0  
1144536850 77867.0 17501.0 3632.0 775.0 153.0 61.0 10.0 1.0  
1144538489 77778.0 17582.0 3609.0 802.0 167.0 40.0 16.0 6.0  
1144540127 78019.0 17330.0 3722.0 716.0 175.0 37.0 1.0   
1144541765 78029.0 17352.0 3603.0 798.0 174.0 38.0 6.0   
1144543404 78039.0 17515.0 3476.0 748.0 184.0 35.0 3.0   
1144545042 78280.0 17213.0 3622.0 701.0 163.0 18.0 3.0   
1144546681 77673.0 17634.0 3643.0 838.0 163.0 33.0 15.0 1.0  
1144548319 77715.0 17625.0 3684.0 756.0 173.0 41.0 5.0 1.0  
1144549957 77742.0 17473.0 3756.0 795.0 193.0 35.0 6.0   
1144551596 77745.0 17644.0 3669.0 731.0 191.0 17.0 3.0   
1144553234 77814.0 17483.0 3676.0 805.0 189.0 28.0 5.0   
1144554873 77723.0 17675.0 3615.0 781.0 153.0 42.0 11.0   
1144556511 77809.0 17451.0 3682.0 815.0 199.0 42.0 2.0   
1144558149          
1144559349 77365.0 17654.0 3970.0 808.0 161.0 38.0 4.0   
1144560988 77419.0 17833.0 3782.0 737.0 192.0 30.0 7.0   
1144562626 77787.0 17626.0 3646.0 733.0 168.0 37.0 3.0   
1144564264 77733.0 17455.0 3676.0 861.0 211.0 59.0 5.0   
1144565903 78082.0 17525.0 3460.0 713.0 163.0 48.0 7.0 2.0  
1144567541 77854.0 17546.0 3619.0 765.0 171.0 44.0 1.0   
1144569180 77763.0 17466.0 3680.0 824.0 203.0 55.0 8.0 1.0  
1144570818 77501.0 17624.0 3756.0 824.0 224.0 59.0 11.0 1.0  
1144572456 78216.0 17155.0 3566.0 793.0 196.0 60.0 14.0   
1144574095 77492.0 17753.0 3679.0 812.0 221.0 41.0 2.0   
1144575733 77998.0 17280.0 3803.0 707.0 174.0 34.0 4.0   
1144577372 77752.0 17676.0 3581.0 782.0 159.0 41.0 9.0   
1144579010 77298.0 17787.0 3766.0 890.0 192.0 56.0 10.0 1.0  
1144580648 77800.0 17621.0 3642.0 749.0 148.0 38.0 2.0   
1144582287 77647.0 17520.0 3825.0 785.0 195.0 26.0 2.0   
1144583925 77805.0 17611.0 3571.0 789.0 171.0 47.0 6.0   
1144585564 77287.0 17915.0 3811.0 779.0 176.0 27.0 2.0 2.0 1.0 
1144587202 77664.0 17526.0 3726.0 859.0 178.0 46.0 1.0   
1144588840 77660.0 17474.0 3814.0 823.0 183.0 42.0 4.0   
1144590479 77563.0 17772.0 3715.0 739.0 170.0 40.0 1.0   
1144592117 77702.0 17506.0 3735.0 764.0 215.0 66.0 12.0   
1144593756 78133.0 17319.0 3551.0 769.0 188.0 33.0 7.0   
1144595394 77163.0 17994.0 3667.0 922.0 204.0 47.0 3.0   
1144597032 77444.0 17670.0 3875.0 773.0 195.0 39.0 1.0 3.0  
1144598671 77733.0 17647.0 3664.0 758.0 157.0 39.0 2.0   
1144600309 77623.0 17624.0 3737.0 805.0 165.0 42.0 4.0   
1144601948 77790.0 17519.0 3733.0 737.0 157.0 48.0 12.0 4.0  
1144603586 78028.0 17533.0 3454.0 769.0 174.0 42.0    
1144605224 77812.0 17573.0 3608.0 769.0 201.0 27.0 7.0 3.0  
1144606863 77471.0 17526.0 3874.0 889.0 205.0 30.0 5.0   
1144608501 77067.0 17881.0 3997.0 865.0 163.0 25.0 2.0   
1144610140 77919.0 17655.0 3548.0 699.0 144.0 33.0 2.0   
1144611778 70650.0 21385.0 5922.0 1510.0 404.0 80.0 33.0 11.0 5.0 
1144613416 76660.0 18086.0 4048.0 929.0 204.0 48.0 22.0 3.0  
1144615055 77341.0 17639.0 3865.0 894.0 207.0 52.0 2.0   
1144616693 77683.0 17645.0 3735.0 750.0 163.0 20.0 4.0   
1144618332 77950.0 17496.0 3596.0 733.0 181.0 37.0 6.0 1.0  
1144619970 77913.0 17428.0 3599.0 809.0 206.0 44.0 1.0   
1144621608 77388.0 17759.0 3779.0 833.0 172.0 50.0 14.0 2.0 2.0 1.0
1144623247 77488.0 17666.0 3784.0 824.0 190.0 45.0 3.0   
1144624885 77692.0 17634.0 3661.0 826.0 164.0 18.0 4.0 1.0  
1144626524 77906.0 17639.0 3493.0 741.0 156.0 60.0 5.0   
1144628162 464.0 61488.0 25931.0 8630.0 2583.0 671.0 172.0 55.0 6.0 
1144629800 77662.0 17569.0 3758.0 772.0 190.0 33.0 10.0 6.0  
1144631439 77824.0 17405.0 3772.0 737.0 201.0 48.0 12.0 1.0  
1144633077 78069.0 17188.0 3716.0 787.0 189.0 36.0 12.0 2.0 1.0 
1144634716 78423.0 17181.0 3510.0 676.0 184.0 25.0 1.0   
1144636354 77468.0 17602.0 3891.0 823.0 174.0 32.0 10.0   
1144637992 77506.0 17641.0 3717.0 876.0 215.0 32.0 10.0 1.0 2.0 
1144639631 77899.0 17410.0 3711.0 803.0 150.0 24.0 3.0   
1144641269 78139.0 17240.0 3521.0 863.0 198.0 32.0 6.0 1.0  
1144642908 77785.0 17526.0 3720.0 745.0 191.0 27.0 3.0 3.0  
1144644546 77866.0 17647.0 3604.0 681.0 158.0 38.0 6.0   
1144646184 77513.0 17724.0 3775.0 794.0 162.0 30.0 2.0   
1144647823 77845.0 17601.0 3639.0 714.0 172.0 27.0 2.0   
1144649461 78081.0 17176.0 3720.0 799.0 183.0 32.0 9.0   
1144651100 74990.0 19069.0 4509.0 1038.0 260.0 72.0 32.0 6.0 13.0 11.0
1144652738 77455.0 17665.0 3839.0 833.0 182.0 22.0 4.0   
1144654376 77677.0 17615.0 3697.0 802.0 173.0 29.0 6.0 1.0  
1144656015 77780.0 17499.0 3742.0 729.0 206.0 40.0 4.0   
