 0 1 2 3 4 5 6 7 8 9
1143763317 82082 14725 2595 492 90 16.0    
1143764956 80821 15769 2783 515 94 15.0 3.0   
1143766594 21751 50159 20246 5780 1582 353.0 101.0 24.0 4.0 
1143768233 39 1070 55057 29130 10474 3074.0 903.0 183.0 48.0 22.0
1143769871 51805 34620 10337 2463 636 111.0 22.0 2.0 2.0 2.0
1143771509 45404 38680 12122 2978 651 147.0 18.0   
1143773148 392 36138 39225 16999 5367 1410.0 361.0 93.0 15.0 
1143774786 80572 15614 3063 589 132 24.0 6.0   
1143776425 82003 15007 2498 425 56 11.0    
1143778063 87 65743 25172 6847 1663 360.0 78.0 23.0 22.0 5.0
1143779701 26135 51159 17068 4410 941 206.0 47.0 28.0 4.0 2.0
1143781340 70640 22542 5383 1163 239 30.0 3.0   
1143782978 25 3512 53964 28508 10042 2970.0 809.0 136.0 26.0 8.0
1143784617 31660 13310 32273 15350 5255 1608.0 457.0 70.0 13.0 4.0
1143786255 81749 15197 2548 406 82 15.0 3.0   
1143787893 76801 18324 3920 769 136 41.0 7.0 2.0  
1143789532 1 695 56588 29262 9687 2832.0 735.0 159.0 26.0 15.0
1143791170 77575 17936 3610 683 164 31.0 1.0   
1143792809 79953 16379 2970 537 134 23.0 4.0   
1143794447 66195 15787 11261 4621 1481 467.0 140.0 41.0 7.0 
1143796085 82517 14604 2373 419 71 15.0 1.0   
1143797724 81646 15030 2680 509 115 17.0 3.0   
1143799362 80293 15975 3041 541 134 16.0    
1143801001 12 68859 23318 6050 1367 308.0 61.0 19.0 4.0 2.0
1143802639 74497 14337 7261 2810 831 211.0 44.0 7.0 2.0 
1143804277 2682 64301 24428 6567 1600 325.0 88.0 9.0  
1143805916 73875 19225 5253 1228 319 73.0 20.0 7.0  
1143807554 73634 20500 4667 935 230 29.0 5.0   
1143809193 79492 14261 4340 1355 396 95.0 44.0 15.0 2.0 
1143810831 81790 15182 2563 378 77 9.0 1.0   
1143812469 82203 14844 2456 432 62 3.0    
1143814108 79348 16652 3267 592 129 11.0 1.0   
1143815746 31497 48211 15366 3741 982 179.0 23.0 1.0  
1143817385 70736 22290 5612 1074 237 45.0 5.0 1.0  
1143819023 81779 15187 2429 468 121 14.0 2.0   
1143820661 5335 64212 22610 5982 1426 355.0 60.0 14.0 5.0 1.0
1143822300 35592 27644 23652 9352 2869 696.0 143.0 24.0 20.0 8.0
1143823938 0 146 56714 29104 10259 2946.0 650.0 142.0 31.0 8.0
1143825577 80262 15603 3223 691 160 47.0 13.0 0.0 1.0 
1143827215 75236 19357 4325 852 181 44.0 3.0 2.0  
1143828853 54045 17273 17606 7757 2423 694.0 147.0 39.0 11.0 5.0
1143830492 81951 14820 2616 518 82 13.0    
1143832130 75433 15286 6161 2181 709 180.0 44.0 4.0 1.0 1.0
1143833769 67294 15327 10875 4526 1445 386.0 100.0 44.0 3.0 
1143835407 385 67949 23724 6184 1345 307.0 89.0 13.0 3.0 1.0
1143837045 82098 14892 2545 399 57 9.0    
1143838684 42259 27999 19336 7460 2163 632.0 138.0 13.0  
1143840322 51282 18255 18447 8373 2678 711.0 208.0 36.0 10.0 
1143841961 29836 32521 24194 9388 2972 847.0 184.0 46.0 11.0 1.0
1143843599 71947 18580 6550 2177 567 125.0 36.0 6.0 4.0 8.0
1143845237 68984 19567 7819 2674 711 186.0 43.0 12.0 4.0 
1143846876 82405 14691 2478 351 61 11.0 3.0   
1143848514 251 65772 24693 7010 1658 462.0 119.0 31.0 4.0 
1143850153 77521 14371 5313 1950 581 196.0 50.0 18.0  
1143851791 55078 30962 10463 2731 578 160.0 27.0 1.0  
1143853429 77959 17549 3602 700 154 33.0 3.0   
1143855068 360 32436 41215 18220 5645 1600.0 433.0 64.0 22.0 5.0
1143856706 37454 44000 14088 3512 764 143.0 31.0 8.0  
1143858345 81667 14622 2911 632 136 23.0 5.0 3.0 1.0 
1143859983 82361 14729 2388 443 69 10.0    
1143861621          
1143863259          
1143864897          
1143866535          
1143868173          
1143869811          
1143871449          
1143873087          
1143874725          
1143876363          
1143878001          
1143879639          
1143881277          
1143882915          
1143884553          
1143886191          
1143887829          
1143889467          
1143891105          
1143892743          
1143894381          
1143896019          
1143897657          
1143899295          
1143900933          
1143902571          
1143904209          
1143905847          
1143907485          
1143909123          
1143910761          
1143912399          
1143914037          
1143915675          
1143917313          
1143918951          
1143920589          
1143922227          
1143923865          
1143925503          
1143927141          
1143928779          
1143930417          
1143932055          
1143933693          
1143935331          
1143936969          
1143938607          
1143940245          
1143941883          
1143943521          
1143945159          
1143946797          
1143948435          
1143950073          
1143951711          
1143953349          
1143954987          
1143956625          
1143958263          
1143959901          
1143961539          
1143962325 81964 15034 2522 395 71 13.0 1.0   
1143963964 5242 65592 22003 5598 1222 254.0 76.0 12.0 1.0 
1143965602 81990 15172 2396 359 71 12.0    
1143967241 15466 59054 19260 4811 1142 237.0 28.0 2.0  
1143968879 77410 17962 3744 721 133 28.0 2.0   
1143970517 60434 27114 9183 2385 677 145.0 32.0 19.0 9.0 2.0
1143972156 46636 38333 11654 2619 616 122.0 19.0 1.0  
1143973794 82297 14807 2394 404 83 11.0 2.0 2.0  
1143975433 73326 20776 4618 1017 222 35.0 6.0   
1143977071 77912 14196 5266 1882 552 135.0 49.0 8.0  
1143978709 81839 15035 2562 460 95 8.0 1.0   
1143980348 82432 14766 2393 335 65 9.0    
1143981986 5080 65575 21832 5896 1263 273.0 64.0 14.0 3.0 
1143983625 79564 16553 3219 503 121 37.0 3.0   
1143985263 82270 14864 2386 397 72 11.0    
1143986901 3849 48941 31150 11545 3347 879.0 222.0 55.0 10.0 2.0
1143988540 7866 63114 21853 5546 1217 301.0 76.0 22.0 4.0 1.0
1143990178 82035 14913 2522 426 89 15.0    
1143991817 83 69052 23380 5816 1275 291.0 73.0 24.0 2.0 4.0
1143993455 82447 14679 2462 361 42 9.0    
1143995093 80801 15763 2794 526 93 19.0 3.0 1.0  
1143996732 82663 14504 2385 387 55 6.0    
1143998370 81178 15627 2588 462 119 21.0 5.0   
1144000009 56816 31400 9158 2049 480 83.0 10.0 4.0  
1144001647 1026 67395 23952 6015 1327 241.0 37.0 6.0 1.0 
1144003285 81431 15094 2904 457 95 19.0    
1144004924 74571 19217 4698 1186 248 69.0 9.0 2.0  
1144006562 43477 7846 28355 13768 4777 1374.0 303.0 82.0 12.0 6.0
1144008201 0 68082 23730 6251 1482 355.0 78.0 17.0 1.0 4.0
1144009839 80298 15923 3065 576 109 27.0 2.0   
1144011477 75417 19327 4243 859 132 20.0 2.0   
1144013116 64877 25053 7589 1967 446 54.0 13.0 1.0  
1144014754 77608 17708 3742 755 158 29.0    
1144016393 82694 14509 2336 384 66 9.0 1.0 1.0  
1144018031 8670 62792 21447 5414 1284 315.0 62.0 11.0 5.0 
1144019669 208 15145 46328 24835 9325 3013.0 839.0 214.0 83.0 10.0
1144021308 81647 15313 2526 434 68 11.0 0.0 1.0  
1144022946 80004 16050 3281 553 95 17.0    
1144024585 17267 12442 40840 20112 6951 1838.0 408.0 107.0 27.0 8.0
1144026223 72616 20924 5049 1126 223 44.0 18.0   
1144027861 82056 14919 2554 399 66 5.0 1.0   
1144029500 5649 36827 35935 15049 4844 1310.0 288.0 75.0 21.0 2.0
1144031138 82368 14659 2456 409 88 19.0 1.0   
1144032777 79627 14331 4147 1372 408 90.0 19.0 5.0 0.0 1.0
1144034415 62328 27748 7659 1750 401 100.0 11.0 3.0  
1144036053 82362 14740 2429 369 68 29.0 3.0   
1144037692 77896 17633 3597 701 142 19.0 10.0 0.0 1.0 1.0
1144039330 74280 14373 7317 2882 856 248.0 42.0 0.0 1.0 1.0
1144040969 78152 17445 3525 716 127 32.0 3.0   
1144042607 72749 12750 8923 3767 1340 351.0 89.0 24.0 7.0 
1144044245 0 413 57023 28951 9863 2875.0 659.0 157.0 43.0 16.0
1144045884 82014 14683 2690 515 83 12.0 3.0   
1144047522 76186 13779 6421 2561 807 190.0 44.0 7.0 3.0 2.0
1144049161 81160 15457 2721 554 99 7.0 2.0   
1144050799 69612 13097 10683 4638 1455 419.0 71.0 24.0 1.0 
1144052437 82247 14849 2416 400 71 17.0    
1144054076 56486 31728 9027 2169 461 103.0 22.0 3.0 1.0 
1144055714 70195 20981 6318 1802 557 127.0 20.0   
1144057353 14502 58051 20628 5244 1238 272.0 52.0 7.0 5.0 1.0
1144058991 56309 32072 9149 2016 361 72.0 20.0 1.0  
1144060629          
1144061829 78954 14699 4377 1423 403 103.0 28.0 10.0 2.0 1.0
1144063468 68763 23284 6142 1485 247 54.0 16.0 6.0 3.0 
1144065106 401 55167 29878 10684 3001 702.0 154.0 12.0 1.0 
1144066744 82655 14480 2407 405 48 4.0 0.0 0.0 1.0 
1144068383 15351 57879 19969 5146 1251 289.0 80.0 23.0 8.0 4.0
1144070021 31786 47256 15674 4082 917 205.0 56.0 14.0 8.0 2.0
1144071660 14214 59107 19999 5128 1168 279.0 85.0 14.0 6.0 
1144073298 53658 9809 21193 10440 3484 1095.0 245.0 64.0 12.0 
1144074936 19094 45120 23807 8637 2422 664.0 172.0 59.0 20.0 5.0
1144076575 61088 11146 16486 7829 2504 716.0 189.0 41.0 1.0 
1144078213 59141 28093 9393 2441 695 220.0 16.0 1.0  
1144079852 59487 29590 8486 1831 496 94.0 11.0 5.0  
1144081490 79013 16840 3390 625 121 11.0    
1144083128 13583 59692 20126 5140 1152 260.0 42.0 5.0  
1144084767 30199 5598 35720 18912 6912 2110.0 458.0 66.0 22.0 3.0
1144086405 1 68322 23791 6197 1365 286.0 28.0 7.0 3.0 
1144088044 53500 33782 9736 2346 467 134.0 28.0 7.0  
1144089682 5636 59011 25206 7380 2060 557.0 111.0 33.0 4.0 2.0
1144091320 78251 17319 3607 680 128 12.0 2.0 1.0  
1144092959 0 67830 24197 6331 1260 309.0 60.0 10.0 2.0 1.0
1144094597 66904 12525 12533 5539 1793 529.0 155.0 20.0 2.0 
1144096236 34581 46087 14847 3663 687 118.0 13.0 4.0  
1144097874 76115 18728 4102 837 168 45.0 5.0   
1144099512 76302 18531 4181 786 152 41.0 7.0   
1144101151 82225 14838 2424 390 113 10.0    
1144102789 49335 35204 11474 2965 808 178.0 18.0 9.0 9.0 
1144104428 82637 14573 2377 314 94 5.0    
1144106066 73932 20133 4669 1020 196 42.0 8.0   
1144107704 59921 29194 8343 1947 482 91.0 22.0   
1144109343 82047 14989 2510 394 53 7.0    
1144110981 78521 16962 3628 731 125 29.0 4.0   
1144112620 60585 28350 8367 2105 435 105.0 48.0 5.0  
1144114258 20537 54214 18856 4901 1146 273.0 57.0 12.0 3.0 1.0
1144115896 81859 14904 2706 445 73 12.0 1.0   
1144117535 82133 14912 2482 404 62 6.0 0.0 1.0  
1144119173 38121 44072 13979 3042 598 153.0 26.0 9.0  
1144120812 29439 30117 25381 10488 3424 917.0 192.0 12.0 17.0 13.0
1144122450 82375 14689 2487 395 49 3.0 1.0 1.0  
1144124088 27626 48907 17240 4773 1117 259.0 52.0 23.0 2.0 1.0
1144125727 0 22813 32666 25899 11942 4513.0 1540.0 438.0 166.0 23.0
1144127365 166 13902 49346 24726 8576 2442.0 653.0 154.0 32.0 3.0
1144129004 21611 51157 19665 5675 1442 349.0 75.0 20.0 6.0 
1144130642 686 68818 22955 5916 1295 264.0 55.0 10.0 1.0 
1144132280 66095 25540 6520 1509 284 47.0 4.0 1.0  
1144133919 75094 18325 4840 1292 323 87.0 33.0 6.0  
1144135557 1641 64944 24647 6818 1527 331.0 71.0 21.0  
1144137196 69474 22706 5922 1364 418 94.0 13.0 3.0 4.0 2.0
1144138834 78162 17296 3683 683 136 20.0 12.0 6.0 2.0 
1144140472 80822 15730 2807 506 108 26.0 1.0   
1144142111 14642 59231 19548 5082 1157 258.0 39.0 27.0 9.0 7.0
1144143749 53916 24172 14131 5530 1597 506.0 109.0 35.0 3.0 1.0
1144145388 82249 14783 2470 394 87 15.0 2.0   
1144147026 82715 14439 2364 396 66 16.0 4.0   
1144148664 80640 15052 3318 795 154 27.0 10.0 4.0  
1144150303 76582 16181 5195 1588 361 73.0 17.0 3.0  
1144151941 18140 53641 20436 5759 1634 339.0 41.0 10.0  
1144153580 21633 24957 32429 14607 4693 1276.0 300.0 80.0 16.0 9.0
1144155218 117 64169 25896 7549 1761 393.0 95.0 15.0 4.0 1.0
1144156856 80381 15920 2991 589 101 13.0 5.0   
1144158495 70379 13708 9883 4184 1387 368.0 75.0 12.0 4.0 
1144160133          
1144161333 43906 39017 12769 3353 767 140.0 39.0 8.0 0.0 1.0
1144162971 82130 14800 2504 463 91 11.0 1.0   
1144164610 61601 19572 11696 4773 1715 484.0 119.0 39.0 1.0 
1144166248 34360 46210 14696 3647 833 214.0 34.0 6.0  
1144167887 64866 25889 7122 1690 345 75.0 11.0 2.0  
1144169525 40251 7522 30334 14988 5019 1489.0 336.0 59.0 2.0 
1144171163 82317 14420 2660 452 125 24.0 0.0 1.0 1.0 
1144172802 62952 26193 7861 2183 641 139.0 28.0 3.0  
1144174440 82074 14700 2693 439 80 14.0    
1144176079 68803 21097 7266 2129 572 115.0 17.0 1.0  
1144177717 79432 16469 3291 642 143 20.0 3.0   
1144179355 25420 46929 19848 5791 1541 366.0 83.0 20.0 2.0 
1144180994 81894 15015 2625 384 74 7.0 1.0   
1144182632 82233 14836 2478 373 75 4.0 0.0 1.0  
1144184271 1 44365 23337 17835 8986 3605.0 1344.0 371.0 115.0 41.0
1144185909 72092 21611 4989 1059 213 32.0 4.0   
1144187547 1423 20613 46352 22064 7105 1882.0 462.0 77.0 16.0 6.0
1144189186 80453 15963 2939 539 93 12.0 1.0   
1144190824 61022 25465 9376 3054 888 168.0 18.0 5.0 1.0 3.0
1144192463 61230 24106 10026 3364 933 231.0 90.0 16.0 3.0 1.0
1144194101 56788 30619 9318 2591 530 122.0 25.0 7.0  
1144195739 81268 15493 2705 415 97 21.0 1.0   
1144197378 82255 14810 2478 398 55 4.0    
1144199016 57162 10172 19317 9022 3082 935.0 245.0 50.0 14.0 1.0
1144200655 2037 52612 30247 10846 3178 842.0 174.0 53.0 8.0 3.0
1144202293 79461 16534 3207 629 141 24.0 4.0   
1144203931 95 2396 54949 28967 9958 2711.0 693.0 149.0 62.0 20.0
1144205570 16923 31785 31764 13521 4340 1206.0 398.0 50.0 13.0 
1144207208 72440 21198 5001 1066 240 53.0 2.0   
1144208847 512 59011 27832 9262 2523 627.0 186.0 40.0 5.0 2.0
1144210485 82281 14823 2420 378 83 14.0 1.0   
1144212123 471 68740 23269 5929 1253 284.0 50.0 4.0  
1144213762 73372 20474 4847 1044 222 38.0 0.0 3.0  
1144215400 32801 35719 20817 7549 2257 653.0 142.0 51.0 8.0 3.0
1144217039 82454 14617 2396 440 87 6.0    
1144218677 0 6315 53454 27344 9357 2518.0 750.0 193.0 57.0 12.0
1144220315 81693 15271 2588 374 65 9.0    
1144221954 1220 45617 34186 13491 4031 1071.0 313.0 56.0 14.0 1.0
1144223592 81294 14654 3068 695 227 42.0 14.0 6.0  
1144225231 73456 20390 4812 1055 238 35.0 7.0 6.0 1.0 
1144226869 71565 12612 9745 4126 1423 385.0 109.0 21.0 10.0 4.0
1144228507 82580 14491 2424 444 53 8.0    
1144230146 0 67603 24316 6162 1467 365.0 63.0 16.0 7.0 1.0
1144231784 69218 23078 5977 1341 300 77.0 9.0   
1144233423 903 48088 32655 12805 4083 1138.0 227.0 83.0 14.0 4.0
1144235061 54294 32667 9835 2497 601 86.0 19.0 1.0  
1144236699 78628 14613 4652 1508 453 118.0 23.0 4.0 0.0 1.0
1144238338 79838 16263 3158 582 133 26.0    
1144239976 38876 43008 13833 3336 761 148.0 34.0 4.0  
1144241615 68246 23928 6119 1363 263 50.0 16.0 2.0 6.0 7.0
1144243253 78291 17347 3517 681 127 35.0 2.0   
1144244891 80976 15336 2970 562 117 36.0 3.0   
1144246530 82789 14247 2500 383 65 14.0 2.0   
1144248168 75574 19204 4180 817 198 24.0 2.0 1.0  
1144249807 1 56151 29476 10098 3120 866.0 213.0 48.0 23.0 4.0
1144251445 127 68318 23682 6099 1442 272.0 51.0 7.0 2.0 
1144253083 77594 17673 3695 827 176 34.0 1.0   
1144254722 5056 64641 22432 5988 1419 343.0 92.0 20.0 9.0 
1144256360 62895 27397 7690 1573 349 78.0 14.0 3.0 1.0 
1144257999 71686 15297 8275 3368 1029 281.0 53.0 11.0  
1144259637          
1144260837 80339 15788 3200 575 78 20.0    
1144262475 0 1913 53824 29371 10511 3154.0 958.0 218.0 45.0 6.0
1144264114 82074 14912 2532 408 68 5.0 1.0   
1144265752 39052 43360 13471 3238 680 167.0 21.0 7.0 4.0 
1144267390 8702 54704 25580 7998 2265 582.0 128.0 23.0 10.0 8.0
1144269029 2419 7458 52409 25974 8666 2323.0 597.0 116.0 26.0 12.0
1144270667 55511 10965 19605 9653 3105 867.0 216.0 63.0 12.0 3.0
1144272306 82190 14650 2602 451 84 21.0 2.0   
1144273944 81789 14932 2622 511 121 25.0    
1144275582 82087 14992 2441 428 45 7.0    
1144277221 63738 22372 9578 3137 889 219.0 58.0 7.0 2.0 
1144278859 82143 14934 2405 415 77 23.0 3.0   
1144280498 65752 25636 6565 1632 344 57.0 13.0 1.0  
1144282136 24793 52454 17314 4174 1005 211.0 39.0 9.0 1.0 
1144283774 52382 26142 13928 5251 1668 445.0 151.0 33.0  
1144285413 78751 16014 3710 1127 302 68.0 16.0 12.0  
1144287051 74287 14930 7102 2595 825 193.0 61.0 7.0  
1144288690 76806 18361 3860 771 169 30.0 2.0 0.0 0.0 1.0
1144290328 81925 14920 2552 513 77 10.0 1.0 2.0  
1144291966 64868 26199 6851 1676 329 70.0 7.0   
1144293605 82426 14761 2384 359 65 5.0    
1144295243 80682 15350 3114 684 142 22.0 6.0   
1144296882 82048 14765 2638 472 67 10.0    
1144298520 1540 59940 26963 8438 2258 656.0 173.0 28.0 4.0 
1144300158 42964 39760 12936 3322 763 185.0 53.0 15.0 1.0 1.0
1144301797 73219 20391 4917 1104 294 58.0 16.0 1.0  
1144303435 69976 21747 6185 1556 433 89.0 13.0 1.0  
1144305074 77690 17550 3811 738 181 22.0 7.0 0.0 1.0 
1144306712 77400 17829 3796 768 181 24.0 2.0   
1144308350 81235 15125 2842 648 140 10.0    
1144309989 69392 23289 5805 1211 267 36.0    
1144311627 75614 19070 4216 834 227 38.0 1.0   
1144313266 67115 24491 6449 1496 367 68.0 13.0 1.0  
1144314904 78320 17519 3373 647 131 9.0 1.0   
1144316542 33678 46262 15117 3839 857 200.0 43.0 3.0 1.0 
1144318181 67403 14164 11149 5062 1647 455.0 103.0 11.0 5.0 1.0
1144319819 5070 64562 22525 6070 1343 353.0 63.0 11.0 3.0 
1144321458 82123 14843 2537 422 65 10.0    
1144323096 55287 32307 9382 2349 488 156.0 28.0 3.0  
1144324734 73397 19213 5383 1563 339 86.0 13.0 6.0  
1144326373 75683 19021 4114 911 218 45.0 8.0   
1144328011 82407 14482 2491 467 130 20.0 3.0   
1144329650 75458 16382 5445 2002 551 115.0 39.0 6.0 1.0 1.0
1144331288 52286 33630 10660 2634 681 96.0 12.0 1.0  
1144332926 81913 14888 2562 535 85 12.0 1.0 2.0 2.0 
1144334565 25151 51485 17333 4629 1071 256.0 53.0 17.0 3.0 2.0
1144336203 42455 7711 28976 14302 4706 1347.0 385.0 99.0 17.0 2.0
1144337842 27607 6095 38224 19155 6541 1848.0 430.0 87.0 9.0 4.0
1144339480 82631 14460 2415 415 60 15.0 4.0   
1144341118 3858 40307 34811 14787 4458 1307.0 358.0 91.0 23.0 
1144342757 80881 15663 2833 506 106 9.0 2.0   
1144344395 71876 21560 5060 1182 263 48.0 11.0   
1144346034 63507 26928 7216 1761 475 93.0 17.0 3.0  
1144347672 15507 46287 25788 8836 2719 672.0 147.0 37.0 5.0 2.0
1144349310 79909 14357 4165 1175 309 73.0 11.0 1.0  
1144350949 3158 65554 23487 6031 1357 344.0 61.0 8.0  
1144352587 82045 14977 2490 414 67 5.0 2.0   
1144354226 44424 13989 24867 11324 3844 1252.0 238.0 50.0 12.0 
1144355864 5023 65559 22233 5547 1296 281.0 54.0 4.0 2.0 1.0
1144357502 81742 15121 2581 434 107 15.0    
1144359140          
1144360341 69203 22832 5993 1525 350 81.0 16.0   
1144361980 67442 24576 6321 1263 307 54.0 26.0 11.0  
1144363618 82229 14850 2433 409 64 12.0 3.0   
1144365257 44430 39387 12335 2947 667 160.0 46.0 22.0 4.0 2.0
1144366895 79788 16307 3235 568 86 14.0 2.0   
1144368533 14684 58182 20111 5239 1394 311.0 71.0 4.0 4.0 
1144370172 27081 51152 16472 4106 938 208.0 41.0 2.0  
1144371810 77702 13581 5814 2050 600 188.0 50.0 13.0 2.0 
1144373449 82336 14637 2504 436 72 12.0 3.0   
1144375087 82308 14799 2340 461 79 10.0 3.0   
1144376725 13034 60240 20115 5059 1258 251.0 39.0 4.0  
1144378364 74729 19886 4179 945 199 51.0 8.0 1.0 2.0 
1144380002 5058 61307 24071 7255 1795 440.0 61.0 13.0  
1144381641 82491 14596 2497 360 46 7.0 3.0   
1144383279 53545 15935 18902 8136 2589 708.0 167.0 18.0  
1144384917 34894 42165 16471 4886 1196 297.0 51.0 25.0 12.0 3.0
1144386556 72183 21386 5065 1088 254 21.0 3.0   
1144388194 70599 22596 5368 1197 225 13.0 2.0   
1144389833 80088 16157 3031 581 123 18.0 2.0   
1144391471 70622 22289 5642 1143 250 52.0 2.0   
1144393109 53355 33679 9831 2479 558 83.0 13.0 2.0  
1144394748 68229 16444 9611 3975 1279 350.0 89.0 20.0 3.0 
1144396386 71297 21775 5414 1241 236 32.0 1.0 1.0 3.0 
1144398025 1440 61423 25498 8342 2469 683.0 120.0 14.0 9.0 2.0
1144399663 8109 63211 21579 5615 1188 251.0 32.0 9.0 5.0 1.0
1144401301 82340 14681 2481 431 61 6.0    
1144402940 82399 14719 2368 403 86 19.0 4.0 2.0  
1144404578 1691 67896 22931 5840 1286 283.0 56.0 16.0 1.0 
1144406217 24484 52205 17539 4610 959 184.0 17.0 2.0  
1144407855 9862 62280 21077 5307 1191 241.0 36.0 6.0  
1144409493 78609 17116 3464 645 136 18.0 12.0   
1144411132 50809 34395 11027 2950 650 147.0 17.0 5.0  
1144412770 82357 14732 2422 408 67 14.0    
1144414409 73902 19823 4947 1046 201 69.0 12.0   
1144416047 81622 15234 2626 440 68 7.0 3.0   
1144417685 58543 29847 8870 2096 466 134.0 35.0 8.0 1.0 
1144419324 72437 21053 5031 1162 244 60.0 11.0 2.0  
1144420962 19108 54816 19309 5295 1168 247.0 42.0 9.0 6.0 
1144422601 80499 15832 2996 592 75 5.0 1.0   
1144424239 212 68223 23635 6235 1315 312.0 57.0 10.0 1.0 
1144425877 82184 14715 2604 415 73 9.0    
1144427516 82227 14680 2497 472 101 21.0 2.0   
1144429154 81858 14882 2598 551 97 11.0 3.0   
1144430793 78466 17139 3553 673 152 15.0 2.0   
1144432431 26 67840 23865 6297 1497 350.0 83.0 23.0 15.0 4.0
1144434069 63001 12381 14419 7036 2347 648.0 144.0 24.0  
1144435708 73517 20376 4753 1081 237 32.0 2.0 2.0  
1144437346 81767 15014 2689 420 88 21.0 0.0 0.0 1.0 
1144438985 13161 53019 23805 7316 1958 560.0 168.0 12.0 0.0 1.0
1144440623 22465 53342 18311 4572 1007 251.0 47.0 3.0 2.0 
1144442261 62550 27747 7592 1650 330 85.0 33.0 13.0  
1144443900 78340 17239 3534 685 166 26.0 10.0   
1144445538 62648 27676 7493 1772 330 72.0 7.0 2.0  
1144447177 1358 67896 23238 5792 1350 285.0 73.0 6.0 2.0 
1144448815 81714 15199 2614 393 68 11.0 1.0   
1144450453 71309 21862 5335 1174 265 52.0 3.0   
1144452092 72705 21059 4841 1073 247 65.0 8.0 0.0 2.0 
1144453730 81407 15172 2765 538 97 20.0 1.0   
1144455369 3404 64164 23796 6519 1622 388.0 83.0 16.0 8.0 
1144457007 4740 65338 22473 5772 1310 299.0 56.0 12.0  
1144458645          
1144459845 52844 31319 11496 3206 848 222.0 55.0 9.0 1.0 
1144461484 76250 18548 4085 827 237 47.0 6.0   
1144463122 1551 66712 23604 6131 1552 362.0 70.0 18.0  
1144464761 81804 14681 2786 598 116 14.0 1.0   
1144466399 47708 16676 21377 9721 3326 930.0 229.0 31.0 2.0 
1144468037 64578 11739 14092 6698 2148 587.0 135.0 22.0 1.0 
1144469676 14501 58630 20291 5243 1088 208.0 32.0 5.0 2.0 
1144471314 38200 9709 30421 14664 5151 1376.0 328.0 97.0 36.0 18.0
1144472953 740 65243 25044 6782 1669 433.0 73.0 15.0 1.0 
1144474591 1727 67188 23173 6072 1398 354.0 70.0 16.0 1.0 1.0
1144476229 20575 55226 18176 4604 1101 266.0 41.0 7.0 4.0 
1144477868 34601 42987 15950 4857 1215 334.0 47.0 9.0  
1144479506 67252 21992 5736 2779 1369 548.0 226.0 73.0 23.0 2.0
1144481145 19471 55316 18975 4861 1131 196.0 45.0 4.0 1.0 
1144482783 66037 12003 13014 6075 2133 575.0 131.0 26.0 5.0 1.0
1144484421 3171 54230 28155 10225 2899 973.0 258.0 63.0 20.0 6.0
1144486060 74196 20066 4564 971 187 15.0 1.0   
1144487698 20 68016 23875 6297 1333 360.0 68.0 27.0 3.0 1.0
1144489337 19178 55783 18831 4880 1043 236.0 42.0 7.0  
1144490975 4010 64133 23987 6137 1434 258.0 35.0 6.0  
1144492613 74791 13622 7214 3025 1003 285.0 58.0 2.0  
1144494252 60795 16097 14221 5947 2153 601.0 154.0 30.0 2.0 
1144495890 354 61817 26598 8363 2226 486.0 111.0 42.0 3.0 
1144497529 82584 14577 2377 385 73 4.0    
1144499167 5 68665 23337 6064 1489 351.0 72.0 13.0 4.0 
1144500805 33028 46674 15238 3917 893 201.0 36.0 10.0 3.0 
1144502444 10366 61894 20799 5495 1166 230.0 38.0 11.0 1.0 
1144504082 2516 66503 23338 5899 1409 281.0 50.0 4.0  
1144505721 71680 21510 5213 1223 302 64.0 5.0 3.0  
1144507359 72313 21210 5047 1173 206 48.0 3.0   
1144508997 78107 16032 4220 1256 293 75.0 16.0 1.0  
1144510636 30896 48669 15557 3858 806 183.0 31.0   
1144512274 148 66553 24628 6559 1623 383.0 67.0 29.0 10.0 
1144513913 69269 23253 5852 1351 226 39.0 10.0   
1144515551 75990 16550 5208 1660 466 110.0 15.0 1.0  
1144517189 74077 19984 4741 973 199 25.0 1.0   
1144518828 22916 53373 17781 4623 1048 202.0 48.0 8.0 1.0 
1144520466 81699 15271 2473 454 92 10.0 1.0   
1144522105 7411 35047 35759 15231 4812 1376.0 269.0 58.0 15.0 22.0
1144523743 26622 51012 17299 4039 849 157.0 18.0 4.0  
1144525381 78742 16756 3603 714 136 35.0 8.0 5.0 1.0 
1144527020 82090 15113 2366 347 70 12.0 2.0   
1144528658 1855 67058 23452 5906 1309 322.0 73.0 19.0 5.0 1.0
1144530297 81972 14892 2641 406 80 8.0 1.0   
1144531935 79211 16812 3198 625 126 27.0 1.0   
1144533573 82272 14745 2484 421 68 10.0    
1144535212 77429 17585 3853 885 192 43.0 7.0 2.0 2.0 2.0
1144536850 1087 36305 38907 16620 5273 1374.0 318.0 88.0 22.0 6.0
1144538489 19481 56113 18557 4514 1045 229.0 54.0 5.0 2.0 
1144540127 78811 15297 4167 1226 395 80.0 17.0 5.0 2.0 
1144541765 76932 18133 3869 828 180 49.0 5.0 4.0  
1144543404 70809 22254 5356 1199 271 64.0 25.0 16.0 5.0 1.0
1144545042 50367 35163 11003 2518 714 205.0 26.0 2.0 2.0 
1144546681 82215 14818 2461 404 79 19.0 3.0 1.0  
1144548319 82387 14658 2478 386 86 5.0    
1144549957 0 64777 25792 7244 1710 396.0 53.0 24.0 2.0 2.0
1144551596 385 62679 26006 7935 2292 555.0 123.0 24.0 1.0 
1144553234 6568 63821 22314 5483 1375 338.0 84.0 14.0 3.0 
1144554873 45716 18718 21403 9879 3138 913.0 194.0 33.0 5.0 1.0
1144556511 56719 30825 9216 2395 630 141.0 46.0 25.0 3.0 
1144558149          
1144559349 78543 17175 3409 717 125 28.0 3.0   
1144560988 496 6007 43073 30477 13393 4587.0 1496.0 378.0 80.0 13.0
1144562626 39834 41507 13959 3577 889 193.0 37.0 4.0  
1144564264 82180 14799 2576 366 71 8.0    
1144565903 22275 54014 17799 4493 1087 233.0 58.0 26.0 14.0 1.0
1144567541 66389 25166 6674 1438 289 42.0 2.0   
1144569180 63590 26935 7431 1558 396 77.0 10.0 3.0  
1144570818 82600 14500 2405 416 79     
1144572456 31528 47738 15565 4027 906 179.0 50.0 7.0  
1144574095 36933 24016 23809 10536 3514 965.0 198.0 26.0 3.0 
1144575733 987 32682 41164 17770 5410 1518.0 361.0 90.0 11.0 7.0
1144577372 60565 15079 14776 6558 2180 639.0 163.0 34.0 5.0 1.0
1144579010 54330 32797 9806 2371 565 122.0 9.0   
1144580648 82261 14815 2429 392 88 11.0 3.0 1.0  
1144582287 2500 59466 26585 8587 2254 471.0 88.0 37.0 8.0 4.0
1144583925 51383 11744 21553 10364 3541 1088.0 240.0 64.0 18.0 5.0
1144585564 60 5218 46990 29830 12161 4052.0 1188.0 372.0 98.0 31.0
1144587202 81075 15727 2642 471 78 7.0    
1144588840 14320 52232 23366 7378 1975 548.0 142.0 32.0 7.0 
1144590479 36377 44528 14437 3589 827 214.0 28.0   
1144592117 39341 42527 13842 3374 740 147.0 28.0 1.0  
1144593756 36681 44901 13827 3687 724 137.0 42.0 1.0  
1144595394 1208 51437 30576 11635 3901 960.0 228.0 46.0 7.0 2.0
1144597032 66472 25056 6651 1401 324 64.0 31.0 1.0  
1144598671 8047 38497 33380 13721 4634 1293.0 338.0 83.0 7.0 
1144600309 81301 15384 2690 505 92 26.0 2.0   
1144601948 82438 14610 2553 338 57 4.0    
1144603586 43508 28741 17996 6984 1969 567.0 188.0 32.0 12.0 3.0
1144605224 39697 42977 13379 3178 616 118.0 28.0 6.0 1.0 
1144606863 68478 23872 6079 1235 266 63.0 7.0   
1144608501 81475 15312 2662 461 80 10.0    
1144610140 179 16353 49220 23700 7822 2053.0 545.0 109.0 17.0 2.0
1144611778 23 66572 24685 6678 1610 302.0 84.0 37.0 8.0 1.0
1144613416 81405 15274 2692 497 104 23.0 5.0   
1144615055 0 47110 28950 14970 5978 2053.0 701.0 206.0 30.0 2.0
1144616693 78976 15576 3986 1141 250 58.0 10.0 3.0  
1144618332 81167 15401 2883 439 97 11.0 1.0 1.0  
1144619970 4774 64814 22822 5864 1315 316.0 78.0 16.0 1.0 
1144621608 47328 19888 20059 8832 2835 803.0 230.0 24.0 1.0 
1144623247 81200 15552 2695 450 85 14.0 3.0 1.0  
1144624885 17 3587 54281 28716 9676 2772.0 761.0 162.0 21.0 7.0
1144626524 30119 7211 35856 17927 6416 1854.0 461.0 114.0 34.0 8.0
1144628162 71854 21439 5237 1164 257 43.0 6.0   
1144629800 69661 23031 5680 1286 266 58.0 16.0 2.0  
1144631439 4316 64938 23173 5810 1328 316.0 84.0 30.0 5.0 
1144633077 82297 14858 2404 353 73 15.0    
1144634716 79950 16302 3054 578 93 21.0 1.0 1.0  
1144636354 2008 67380 22990 5850 1379 296.0 81.0 15.0 1.0 
1144637992 4207 61218 24853 7301 1843 429.0 108.0 31.0 4.0 6.0
1144639631 53748 24485 14041 5448 1606 446.0 166.0 48.0 12.0 
1144641269 38190 41041 15094 4245 1156 219.0 46.0 9.0  
1144642908 52561 28139 12694 4627 1484 395.0 80.0 15.0 3.0 2.0
1144644546 49566 35945 10944 2774 617 132.0 20.0 2.0  
1144646184 81572 15243 2732 347 90 15.0 1.0   
1144647823 70444 22276 5726 1279 210 47.0 10.0 8.0  
1144649461 69951 22750 5741 1245 251 43.0 6.0 9.0 3.0 1.0
1144651100 82683 14506 2392 360 56 3.0    
1144652738 76227 18560 4128 891 167 21.0 4.0 2.0  
1144654376 66452 13997 12054 5197 1669 460.0 130.0 36.0 4.0 1.0
1144656015 478 43494 35077 14513 4665 1344.0 336.0 75.0 18.0 
